cicle;instance;nclasses;solutionreal;solution;mojo;evalsconsumed;besteval;time;cluster
2;apache_zip 36C.odem;36;[1.5,-0.5,1.5,1.0,];[8, 4, 8, 7];100.0;1;0;30 ; [5, 5, 5, 5, 5, 5, 35, 35, 35, 35, 35, 35, 35, 35, 35, 35, 35, 35, 35, 35, 35, 35, 35, 35, 35, 35, 35, 35, 35, 35, 35, 35, 35, 35, 35, 35]
1;apache_zip 36C.odem;36;[2.5,-1.5,1.5,1.0,];[10, 2, 8, 7];100.0;8;8;115 ; [5, 5, 5, 5, 5, 5, 35, 35, 35, 35, 35, 35, 35, 35, 35, 35, 35, 35, 35, 35, 35, 35, 35, 35, 35, 35, 35, 35, 35, 35, 35, 35, 35, 35, 35, 35]
0;apache_zip 36C.odem;36;[2.5,-2.5,1.0,0.5,];[10, 0, 7, 6];100.0;31;31;352 ; [5, 5, 5, 5, 5, 5, 35, 35, 35, 35, 35, 35, 35, 35, 35, 35, 35, 35, 35, 35, 35, 35, 35, 35, 35, 35, 35, 35, 35, 35, 35, 35, 35, 35, 35, 35]
4;apache_zip 36C.odem;36;[2.0,-1.5,2.5,1.0,];[9, 2, 10, 7];100.0;63;63;543 ; [5, 5, 5, 5, 5, 5, 35, 35, 35, 35, 35, 35, 35, 35, 35, 35, 35, 35, 35, 35, 35, 35, 35, 35, 35, 35, 35, 35, 35, 35, 35, 35, 35, 35, 35, 35]
0;forms-1.3.0 68C.odem;68;[-1.0,0.0,-1.0,-0.5,];[3, 5, 3, 4];100.0;18;18;709 ; [67, 67, 67, 67, 67, 67, 67, 67, 67, 67, 67, 66, 66, 66, 16, 16, 16, 67, 67, 67, 26, 26, 26, 26, 26, 26, 26, 67, 67, 67, 67, 67, 67, 67, 67, 67, 67, 67, 67, 67, 67, 67, 67, 67, 67, 67, 67, 67, 67, 67, 67, 67, 67, 67, 67, 67, 67, 67, 67, 65, 65, 65, 67, 67, 67, 65, 66, 67]
0;notepad-model 46C.odem;46;[1.5,0.0,-1.5,2.5,];[8, 5, 2, 10];100.0;1;0;14 ; [44, 44, 44, 44, 44, 44, 44, 44, 44, 44, 44, 44, 44, 44, 44, 44, 44, 44, 44, 44, 44, 44, 44, 44, 44, 44, 44, 44, 44, 44, 44, 44, 44, 44, 44, 44, 44, 44, 44, 44, 44, 44, 44, 44, 44, 45]
3;notepad-model 46C.odem;46;[2.0,-1.0,-2.5,-0.5,];[9, 3, 0, 4];100.0;1;0;22 ; [44, 44, 44, 44, 44, 44, 44, 44, 44, 44, 44, 44, 44, 44, 44, 44, 44, 44, 44, 44, 44, 44, 44, 44, 44, 44, 44, 44, 44, 44, 44, 44, 44, 44, 44, 44, 44, 44, 44, 44, 44, 44, 44, 44, 44, 45]
4;notepad-model 46C.odem;46;[1.5,2.5,0.0,-1.0,];[8, 10, 5, 3];100.0;1;0;4 ; [44, 44, 44, 44, 44, 44, 44, 44, 44, 44, 44, 44, 44, 44, 44, 44, 44, 44, 44, 44, 44, 44, 44, 44, 44, 44, 44, 44, 44, 44, 44, 44, 44, 44, 44, 44, 44, 44, 44, 44, 44, 44, 44, 44, 44, 45]
1;notepad-model 46C.odem;46;[-2.0,-0.5,1.0,-1.0,];[1, 4, 7, 3];100.0;1;0;23 ; [44, 44, 44, 44, 44, 44, 44, 44, 44, 44, 44, 44, 44, 44, 44, 44, 44, 44, 44, 44, 44, 44, 44, 44, 44, 44, 44, 44, 44, 44, 44, 44, 44, 44, 44, 44, 44, 44, 44, 44, 44, 44, 44, 44, 44, 45]
2;notepad-model 46C.odem;46;[-2.0,0.0,0.5,-1.5,];[1, 5, 6, 2];100.0;1;0;22 ; [44, 44, 44, 44, 44, 44, 44, 44, 44, 44, 44, 44, 44, 44, 44, 44, 44, 44, 44, 44, 44, 44, 44, 44, 44, 44, 44, 44, 44, 44, 44, 44, 44, 44, 44, 44, 44, 44, 44, 44, 44, 44, 44, 44, 44, 45]
6;notepad-model 46C.odem;46;[2.5,2.5,-0.5,2.0,];[10, 10, 4, 9];100.0;1;0;15 ; [44, 44, 44, 44, 44, 44, 44, 44, 44, 44, 44, 44, 44, 44, 44, 44, 44, 44, 44, 44, 44, 44, 44, 44, 44, 44, 44, 44, 44, 44, 44, 44, 44, 44, 44, 44, 44, 44, 44, 44, 44, 44, 44, 44, 44, 45]
5;notepad-model 46C.odem;46;[-1.5,0.0,-1.0,1.0,];[2, 5, 3, 7];100.0;1;0;16 ; [44, 44, 44, 44, 44, 44, 44, 44, 44, 44, 44, 44, 44, 44, 44, 44, 44, 44, 44, 44, 44, 44, 44, 44, 44, 44, 44, 44, 44, 44, 44, 44, 44, 44, 44, 44, 44, 44, 44, 44, 44, 44, 44, 44, 44, 45]
7;notepad-model 46C.odem;46;[0.5,0.5,-0.5,-2.5,];[6, 6, 4, 0];100.0;1;0;23 ; [44, 44, 44, 44, 44, 44, 44, 44, 44, 44, 44, 44, 44, 44, 44, 44, 44, 44, 44, 44, 44, 44, 44, 44, 44, 44, 44, 44, 44, 44, 44, 44, 44, 44, 44, 44, 44, 44, 44, 44, 44, 44, 44, 44, 44, 45]
9;notepad-model 46C.odem;46;[-1.5,-2.5,2.5,-2.0,];[2, 0, 10, 1];100.0;1;0;20 ; [44, 44, 44, 44, 44, 44, 44, 44, 44, 44, 44, 44, 44, 44, 44, 44, 44, 44, 44, 44, 44, 44, 44, 44, 44, 44, 44, 44, 44, 44, 44, 44, 44, 44, 44, 44, 44, 44, 44, 44, 44, 44, 44, 44, 44, 45]
8;notepad-model 46C.odem;46;[2.5,0.5,2.0,-2.0,];[10, 6, 9, 1];100.0;1;0;28 ; [44, 44, 44, 44, 44, 44, 44, 44, 44, 44, 44, 44, 44, 44, 44, 44, 44, 44, 44, 44, 44, 44, 44, 44, 44, 44, 44, 44, 44, 44, 44, 44, 44, 44, 44, 44, 44, 44, 44, 44, 44, 44, 44, 44, 44, 45]
0;jstl-1.0.6 18C.odem;18;[2.5,0.0,1.0,0.5,];[10, 5, 7, 6];100.0;30;30;158 ; [10, 10, 10, 10, 10, 10, 9, 9, 10, 9, 10, 11, 14, 14, 14, 17, 17, 17]
2;jnanoxml 25C.odem;25;[2.0,0.0,1.0,0.5,];[9, 5, 7, 6];100.0;61;61;660 ; [6, 20, 2, 3, 20, 7, 6, 7, 18, 9, 17, 19, 14, 14, 14, 23, 16, 17, 18, 19, 20, 21, 22, 23, 24]
3;forms-1.3.0 68C.odem;68;[1.0,0.0,2.5,1.5,];[7, 5, 10, 8];100.0;22;22;1352 ; [67, 67, 67, 67, 67, 67, 67, 67, 67, 67, 67, 66, 66, 66, 16, 16, 16, 67, 67, 67, 26, 26, 26, 26, 26, 26, 26, 67, 67, 67, 67, 67, 67, 67, 67, 67, 67, 67, 67, 67, 67, 67, 67, 67, 67, 67, 67, 67, 67, 67, 67, 67, 67, 67, 67, 67, 67, 67, 67, 65, 65, 65, 67, 67, 67, 65, 66, 67]
3;jnanoxml 25C.odem;25;[-0.5,0.0,-2.0,-1.0,];[4, 5, 1, 3];100.0;100;100;1097 ; [6, 20, 2, 3, 20, 7, 6, 7, 18, 9, 17, 19, 14, 14, 14, 23, 16, 17, 18, 19, 20, 21, 22, 23, 24]
6;apache_zip 36C.odem;36;[0.5,-1.0,2.0,1.5,];[6, 3, 9, 8];100.0;94;94;1816 ; [5, 5, 5, 5, 5, 5, 35, 35, 35, 35, 35, 35, 35, 35, 35, 35, 35, 35, 35, 35, 35, 35, 35, 35, 35, 35, 35, 35, 35, 35, 35, 35, 35, 35, 35, 35]
3;apache_zip 36C.odem;36;[0.5,-0.5,2.5,1.0,];[6, 4, 10, 7];100.0;127;127;2533 ; [5, 5, 5, 5, 5, 5, 35, 35, 35, 35, 35, 35, 35, 35, 35, 35, 35, 35, 35, 35, 35, 35, 35, 35, 35, 35, 35, 35, 35, 35, 35, 35, 35, 35, 35, 35]
7;apache_zip 36C.odem;36;[1.0,-2.0,1.0,1.5,];[7, 1, 7, 8];100.0;5;5;614 ; [5, 5, 5, 5, 5, 5, 35, 35, 35, 35, 35, 35, 35, 35, 35, 35, 35, 35, 35, 35, 35, 35, 35, 35, 35, 35, 35, 35, 35, 35, 35, 35, 35, 35, 35, 35]
2;forms-1.3.0 68C.odem;68;[-2.5,0.5,-1.0,-0.5,];[0, 6, 3, 4];100.0;57;57;3792 ; [67, 67, 67, 67, 67, 67, 67, 67, 67, 67, 67, 66, 66, 66, 16, 16, 16, 67, 67, 67, 26, 26, 26, 26, 26, 26, 26, 67, 67, 67, 67, 67, 67, 67, 67, 67, 67, 67, 67, 67, 67, 67, 67, 67, 67, 67, 67, 67, 67, 67, 67, 67, 67, 67, 67, 67, 67, 67, 67, 65, 65, 65, 67, 67, 67, 65, 66, 67]
1;forms-1.3.0 68C.odem;68;[2.0,-0.5,1.5,1.0,];[9, 4, 8, 7];100.0;57;57;4064 ; [67, 67, 67, 67, 67, 67, 67, 67, 67, 67, 67, 66, 66, 66, 16, 16, 16, 67, 67, 67, 26, 26, 26, 26, 26, 26, 26, 67, 67, 67, 67, 67, 67, 67, 67, 67, 67, 67, 67, 67, 67, 67, 67, 67, 67, 67, 67, 67, 67, 67, 67, 67, 67, 67, 67, 67, 67, 67, 67, 65, 65, 65, 67, 67, 67, 65, 66, 67]
9;apache_zip 36C.odem;36;[2.0,-2.5,1.0,0.5,];[9, 0, 7, 6];100.0;87;87;1169 ; [5, 5, 5, 5, 5, 5, 35, 35, 35, 35, 35, 35, 35, 35, 35, 35, 35, 35, 35, 35, 35, 35, 35, 35, 35, 35, 35, 35, 35, 35, 35, 35, 35, 35, 35, 35]
0;udt-java 56C.odem;56;[-2.0,0.0,-1.5,-1.0,];[1, 5, 2, 3];100.0;47;47;2454 ; [18, 24, 46, 55, 29, 53, 47, 18, 46, 46, 18, 29, 18, 53, 16, 30, 16, 24, 18, 20, 20, 27, 23, 23, 24, 55, 26, 27, 30, 29, 30, 34, 36, 53, 34, 53, 36, 53, 38, 46, 52, 42, 42, 48, 48, 52, 46, 47, 48, 54, 53, 54, 52, 53, 54, 55]
1;jnanoxml 25C.odem;25;[-2.5,0.0,-1.0,-0.5,];[0, 5, 3, 4];100.0;487;487;3689 ; [6, 20, 2, 3, 20, 7, 6, 7, 18, 9, 17, 19, 14, 14, 14, 23, 16, 17, 18, 19, 20, 21, 22, 23, 24]
1;jstl-1.0.6 18C.odem;18;[2.5,0.0,2.0,1.0,];[10, 5, 9, 7];100.0;1139;1139;3993 ; [10, 10, 10, 10, 10, 10, 9, 9, 10, 9, 10, 11, 14, 14, 14, 17, 17, 17]
0;apache_zip 36C.odem;36;[2.0,2.5,-2.5,-2.0,-0.5,0.5,];[9, 10, 0, 1, 4, 6];100.0;130;130;2417 ; [5, 5, 5, 5, 5, 5, 35, 35, 35, 35, 35, 35, 35, 35, 35, 35, 35, 35, 35, 35, 35, 35, 35, 35, 35, 35, 35, 35, 35, 35, 35, 35, 35, 35, 35, 35]
5;apache_zip 36C.odem;36;[-1.0,2.0,-2.0,-2.0,];[3, 9, 1, 1];100.0;274;274;4824 ; [5, 5, 5, 5, 5, 5, 35, 35, 35, 35, 35, 35, 35, 35, 35, 35, 35, 35, 35, 35, 35, 35, 35, 35, 35, 35, 35, 35, 35, 35, 35, 35, 35, 35, 35, 35]
2;apache_zip 36C.odem;36;[0.0,-1.0,0.5,-0.5,1.5,1.5,];[5, 3, 6, 4, 8, 8];100.0;140;140;2782 ; [5, 5, 5, 5, 5, 5, 35, 35, 35, 35, 35, 35, 35, 35, 35, 35, 35, 35, 35, 35, 35, 35, 35, 35, 35, 35, 35, 35, 35, 35, 35, 35, 35, 35, 35, 35]
0;jnanoxml 25C.odem;25;[-1.0,0.0,-2.0,-1.0,];[3, 5, 1, 3];100.0;689;689;4793 ; [6, 20, 2, 3, 20, 7, 6, 7, 18, 9, 17, 19, 14, 14, 14, 23, 16, 17, 18, 19, 20, 21, 22, 23, 24]
4;jnanoxml 25C.odem;25;[1.5,0.0,1.0,0.5,];[8, 5, 7, 6];100.0;384;384;3187 ; [6, 20, 2, 3, 20, 7, 6, 7, 18, 9, 17, 19, 14, 14, 14, 23, 16, 17, 18, 19, 20, 21, 22, 23, 24]
3;apache_zip 36C.odem;36;[-0.5,-1.0,-2.5,-1.0,-1.5,-2.0,];[4, 3, 0, 3, 2, 1];100.0;35;35;737 ; [5, 5, 5, 5, 5, 5, 35, 35, 35, 35, 35, 35, 35, 35, 35, 35, 35, 35, 35, 35, 35, 35, 35, 35, 35, 35, 35, 35, 35, 35, 35, 35, 35, 35, 35, 35]
4;apache_zip 36C.odem;36;[0.0,1.0,-1.5,-1.5,-0.5,-1.5,];[5, 7, 2, 2, 4, 2];100.0;26;26;413 ; [5, 5, 5, 5, 5, 5, 35, 35, 35, 35, 35, 35, 35, 35, 35, 35, 35, 35, 35, 35, 35, 35, 35, 35, 35, 35, 35, 35, 35, 35, 35, 35, 35, 35, 35, 35]
1;apache_zip 36C.odem;36;[2.5,0.0,1.0,2.0,1.0,-1.0,];[10, 5, 7, 9, 7, 3];100.0;189;189;3346 ; [5, 5, 5, 5, 5, 5, 35, 35, 35, 35, 35, 35, 35, 35, 35, 35, 35, 35, 35, 35, 35, 35, 35, 35, 35, 35, 35, 35, 35, 35, 35, 35, 35, 35, 35, 35]
5;jnanoxml 25C.odem;25;[-0.5,0.0,-2.0,-1.5,];[4, 5, 1, 2];100.0;272;272;1681 ; [6, 20, 2, 3, 20, 7, 6, 7, 18, 9, 17, 19, 14, 14, 14, 23, 16, 17, 18, 19, 20, 21, 22, 23, 24]
1;seemp 31C.odem;31;[2.5,0.0,1.0,0.5,];[10, 5, 7, 6];100.0;503;503;4934 ; [27, 27, 27, 27, 27, 27, 27, 27, 27, 27, 27, 27, 27, 27, 27, 27, 27, 27, 27, 30, 26, 30, 30, 30, 30, 26, 26, 27, 30, 30, 30]
6;jnanoxml 25C.odem;25;[2.5,0.0,2.0,1.0,];[10, 5, 9, 7];100.0;174;174;974 ; [6, 20, 2, 3, 20, 7, 6, 7, 18, 9, 17, 19, 14, 14, 14, 23, 16, 17, 18, 19, 20, 21, 22, 23, 24]
9;jnanoxml 25C.odem;25;[-1.0,0.0,-1.0,-0.5,];[3, 5, 3, 4];100.0;21;21;11 ; [6, 20, 2, 3, 20, 7, 6, 7, 18, 9, 17, 19, 14, 14, 14, 23, 16, 17, 18, 19, 20, 21, 22, 23, 24]
4;jstl-1.0.6 18C.odem;18;[1.0,0.0,2.0,1.0,];[7, 5, 9, 7];100.0;646;646;1628 ; [10, 10, 10, 10, 10, 10, 9, 9, 10, 9, 10, 11, 14, 14, 14, 17, 17, 17]
6;apache_zip 36C.odem;36;[2.5,0.0,1.5,2.0,2.5,2.0,];[10, 5, 8, 9, 10, 9];100.0;63;63;995 ; [5, 5, 5, 5, 5, 5, 35, 35, 35, 35, 35, 35, 35, 35, 35, 35, 35, 35, 35, 35, 35, 35, 35, 35, 35, 35, 35, 35, 35, 35, 35, 35, 35, 35, 35, 35]
0;notepad-model 46C.odem;46;[0.5,-1.0,2.0,-1.5,-1.0,-1.5,];[6, 3, 9, 2, 3, 2];100.0;1;0;275 ; [44, 44, 44, 44, 44, 44, 44, 44, 44, 44, 44, 44, 44, 44, 44, 44, 44, 44, 44, 44, 44, 44, 44, 44, 44, 44, 44, 44, 44, 44, 44, 44, 44, 44, 44, 44, 44, 44, 44, 44, 44, 44, 44, 44, 44, 45]
3;notepad-model 46C.odem;46;[0.0,0.0,2.5,1.0,0.0,0.0,];[5, 5, 10, 7, 5, 5];100.0;1;0;2 ; [44, 44, 44, 44, 44, 44, 44, 44, 44, 44, 44, 44, 44, 44, 44, 44, 44, 44, 44, 44, 44, 44, 44, 44, 44, 44, 44, 44, 44, 44, 44, 44, 44, 44, 44, 44, 44, 44, 44, 44, 44, 44, 44, 44, 44, 45]
4;notepad-model 46C.odem;46;[0.5,-0.5,0.5,-1.5,2.0,1.5,];[6, 4, 6, 2, 9, 8];100.0;1;0;2 ; [44, 44, 44, 44, 44, 44, 44, 44, 44, 44, 44, 44, 44, 44, 44, 44, 44, 44, 44, 44, 44, 44, 44, 44, 44, 44, 44, 44, 44, 44, 44, 44, 44, 44, 44, 44, 44, 44, 44, 44, 44, 44, 44, 44, 44, 45]
5;notepad-model 46C.odem;46;[2.5,-2.5,-1.5,2.0,-2.5,-2.5,];[10, 0, 2, 9, 0, 0];100.0;1;0;3 ; [44, 44, 44, 44, 44, 44, 44, 44, 44, 44, 44, 44, 44, 44, 44, 44, 44, 44, 44, 44, 44, 44, 44, 44, 44, 44, 44, 44, 44, 44, 44, 44, 44, 44, 44, 44, 44, 44, 44, 44, 44, 44, 44, 44, 44, 45]
6;notepad-model 46C.odem;46;[2.0,2.0,-1.5,1.0,-1.0,0.0,];[9, 9, 2, 7, 3, 5];100.0;1;0;2 ; [44, 44, 44, 44, 44, 44, 44, 44, 44, 44, 44, 44, 44, 44, 44, 44, 44, 44, 44, 44, 44, 44, 44, 44, 44, 44, 44, 44, 44, 44, 44, 44, 44, 44, 44, 44, 44, 44, 44, 44, 44, 44, 44, 44, 44, 45]
7;notepad-model 46C.odem;46;[-2.5,2.5,0.5,-2.5,0.5,-2.0,];[0, 10, 6, 0, 6, 1];100.0;1;0;3 ; [44, 44, 44, 44, 44, 44, 44, 44, 44, 44, 44, 44, 44, 44, 44, 44, 44, 44, 44, 44, 44, 44, 44, 44, 44, 44, 44, 44, 44, 44, 44, 44, 44, 44, 44, 44, 44, 44, 44, 44, 44, 44, 44, 44, 44, 45]
8;notepad-model 46C.odem;46;[2.5,-1.5,-0.5,0.5,2.0,0.5,];[10, 2, 4, 6, 9, 6];100.0;1;0;2 ; [44, 44, 44, 44, 44, 44, 44, 44, 44, 44, 44, 44, 44, 44, 44, 44, 44, 44, 44, 44, 44, 44, 44, 44, 44, 44, 44, 44, 44, 44, 44, 44, 44, 44, 44, 44, 44, 44, 44, 44, 44, 44, 44, 44, 44, 45]
9;notepad-model 46C.odem;46;[0.5,0.5,1.0,-2.5,-1.5,-2.5,];[6, 6, 7, 0, 2, 0];100.0;1;0;3 ; [44, 44, 44, 44, 44, 44, 44, 44, 44, 44, 44, 44, 44, 44, 44, 44, 44, 44, 44, 44, 44, 44, 44, 44, 44, 44, 44, 44, 44, 44, 44, 44, 44, 44, 44, 44, 44, 44, 44, 44, 44, 44, 44, 44, 44, 45]
2;notepad-model 46C.odem;46;[0.0,-1.5,1.5,-1.5,2.5,-0.5,];[5, 2, 8, 2, 10, 4];100.0;1;0;415 ; [44, 44, 44, 44, 44, 44, 44, 44, 44, 44, 44, 44, 44, 44, 44, 44, 44, 44, 44, 44, 44, 44, 44, 44, 44, 44, 44, 44, 44, 44, 44, 44, 44, 44, 44, 44, 44, 44, 44, 44, 44, 44, 44, 44, 44, 45]
1;notepad-model 46C.odem;46;[1.5,-2.5,0.5,-0.5,2.5,2.5,];[8, 0, 6, 4, 10, 10];100.0;1;0;418 ; [44, 44, 44, 44, 44, 44, 44, 44, 44, 44, 44, 44, 44, 44, 44, 44, 44, 44, 44, 44, 44, 44, 44, 44, 44, 44, 44, 44, 44, 44, 44, 44, 44, 44, 44, 44, 44, 44, 44, 44, 44, 44, 44, 44, 44, 45]
5;forms-1.3.0 68C.odem;68;[2.5,-0.5,1.0,0.5,];[10, 4, 7, 6];100.0;34;34;3686 ; [67, 67, 67, 67, 67, 67, 67, 67, 67, 67, 67, 66, 66, 66, 16, 16, 16, 67, 67, 67, 26, 26, 26, 26, 26, 26, 26, 67, 67, 67, 67, 67, 67, 67, 67, 67, 67, 67, 67, 67, 67, 67, 67, 67, 67, 67, 67, 67, 67, 67, 67, 67, 67, 67, 67, 67, 67, 67, 67, 65, 65, 65, 67, 67, 67, 65, 66, 67]
8;apache_zip 36C.odem;36;[-2.0,2.0,-1.5,-0.5,];[1, 9, 2, 4];100.0;244;244;5104 ; [5, 5, 5, 5, 5, 5, 35, 35, 35, 35, 35, 35, 35, 35, 35, 35, 35, 35, 35, 35, 35, 35, 35, 35, 35, 35, 35, 35, 35, 35, 35, 35, 35, 35, 35, 35]
2;jstl-1.0.6 18C.odem;18;[1.0,0.5,1.5,1.5,];[7, 6, 8, 8];92.86;2507;649;6852 ; [8, 8, 8, 8, 8, 8, 8, 8, 8, 9, 10, 11, 14, 14, 14, 17, 17, 17]
3;jstl-1.0.6 18C.odem;18;[2.0,1.0,0.5,0.5,];[9, 7, 6, 6];92.86;2503;120;6703 ; [14, 14, 14, 14, 14, 14, 14, 14, 14, 14, 14, 11, 12, 13, 14, 15, 16, 17]
2;notepad-model 46C.odem;46;[2.0,2.0,2.0,0.5,-2.0,0.5,0.0,-0.5,];[9, 9, 9, 6, 1, 6, 5, 4];100.0;1;0;108 ; [44, 44, 44, 44, 44, 44, 44, 44, 44, 44, 44, 44, 44, 44, 44, 44, 44, 44, 44, 44, 44, 44, 44, 44, 44, 44, 44, 44, 44, 44, 44, 44, 44, 44, 44, 44, 44, 44, 44, 44, 44, 44, 44, 44, 44, 45]
3;notepad-model 46C.odem;46;[-2.0,-2.0,0.0,2.0,-2.0,-0.5,-1.5,-2.0,];[1, 1, 5, 9, 1, 4, 2, 1];100.0;1;0;3 ; [44, 44, 44, 44, 44, 44, 44, 44, 44, 44, 44, 44, 44, 44, 44, 44, 44, 44, 44, 44, 44, 44, 44, 44, 44, 44, 44, 44, 44, 44, 44, 44, 44, 44, 44, 44, 44, 44, 44, 44, 44, 44, 44, 44, 44, 45]
4;notepad-model 46C.odem;46;[1.0,2.0,1.5,2.0,-0.5,0.5,0.0,2.0,];[7, 9, 8, 9, 4, 6, 5, 9];100.0;1;0;3 ; [44, 44, 44, 44, 44, 44, 44, 44, 44, 44, 44, 44, 44, 44, 44, 44, 44, 44, 44, 44, 44, 44, 44, 44, 44, 44, 44, 44, 44, 44, 44, 44, 44, 44, 44, 44, 44, 44, 44, 44, 44, 44, 44, 44, 44, 45]
5;notepad-model 46C.odem;46;[2.0,0.5,1.5,1.0,0.0,-1.0,2.0,1.5,];[9, 6, 8, 7, 5, 3, 9, 8];100.0;1;0;3 ; [44, 44, 44, 44, 44, 44, 44, 44, 44, 44, 44, 44, 44, 44, 44, 44, 44, 44, 44, 44, 44, 44, 44, 44, 44, 44, 44, 44, 44, 44, 44, 44, 44, 44, 44, 44, 44, 44, 44, 44, 44, 44, 44, 44, 44, 45]
6;notepad-model 46C.odem;46;[-2.5,-0.5,-2.0,0.0,-1.0,2.0,2.5,-2.0,];[0, 4, 1, 5, 3, 9, 10, 1];100.0;1;0;2 ; [44, 44, 44, 44, 44, 44, 44, 44, 44, 44, 44, 44, 44, 44, 44, 44, 44, 44, 44, 44, 44, 44, 44, 44, 44, 44, 44, 44, 44, 44, 44, 44, 44, 44, 44, 44, 44, 44, 44, 44, 44, 44, 44, 44, 44, 45]
7;notepad-model 46C.odem;46;[-1.0,-1.5,2.0,-1.5,-2.5,-2.0,-0.5,-1.0,];[3, 2, 9, 2, 0, 1, 4, 3];100.0;1;0;2 ; [44, 44, 44, 44, 44, 44, 44, 44, 44, 44, 44, 44, 44, 44, 44, 44, 44, 44, 44, 44, 44, 44, 44, 44, 44, 44, 44, 44, 44, 44, 44, 44, 44, 44, 44, 44, 44, 44, 44, 44, 44, 44, 44, 44, 44, 45]
8;notepad-model 46C.odem;46;[-2.5,-2.0,-2.0,1.0,-2.5,2.5,-2.5,0.5,];[0, 1, 1, 7, 0, 10, 0, 6];100.0;1;0;3 ; [44, 44, 44, 44, 44, 44, 44, 44, 44, 44, 44, 44, 44, 44, 44, 44, 44, 44, 44, 44, 44, 44, 44, 44, 44, 44, 44, 44, 44, 44, 44, 44, 44, 44, 44, 44, 44, 44, 44, 44, 44, 44, 44, 44, 44, 45]
9;notepad-model 46C.odem;46;[-2.0,-2.5,-0.5,-2.5,0.0,2.5,0.0,2.0,];[1, 0, 4, 0, 5, 10, 5, 9];100.0;1;0;2 ; [44, 44, 44, 44, 44, 44, 44, 44, 44, 44, 44, 44, 44, 44, 44, 44, 44, 44, 44, 44, 44, 44, 44, 44, 44, 44, 44, 44, 44, 44, 44, 44, 44, 44, 44, 44, 44, 44, 44, 44, 44, 44, 44, 44, 44, 45]
0;notepad-model 46C.odem;46;[-0.5,-1.5,0.5,0.5,2.0,-2.0,-2.0,-0.5,];[4, 2, 6, 6, 9, 1, 1, 4];100.0;1;0;171 ; [44, 44, 44, 44, 44, 44, 44, 44, 44, 44, 44, 44, 44, 44, 44, 44, 44, 44, 44, 44, 44, 44, 44, 44, 44, 44, 44, 44, 44, 44, 44, 44, 44, 44, 44, 44, 44, 44, 44, 44, 44, 44, 44, 44, 44, 45]
1;notepad-model 46C.odem;46;[-2.0,-2.0,1.5,0.0,-2.0,2.5,-1.0,-0.5,];[1, 1, 8, 5, 1, 10, 3, 4];100.0;1;0;365 ; [44, 44, 44, 44, 44, 44, 44, 44, 44, 44, 44, 44, 44, 44, 44, 44, 44, 44, 44, 44, 44, 44, 44, 44, 44, 44, 44, 44, 44, 44, 44, 44, 44, 44, 44, 44, 44, 44, 44, 44, 44, 44, 44, 44, 44, 45]
6;jstl-1.0.6 18C.odem;18;[1.5,0.0,2.0,1.0,];[8, 5, 9, 7];100.0;390;390;2164 ; [10, 10, 10, 10, 10, 10, 9, 9, 10, 9, 10, 11, 14, 14, 14, 17, 17, 17]
2;javaocr 59C.odem;59;[1.5,0.0,1.0,0.5,];[8, 5, 7, 6];100.0;141;141;9967 ; [17, 57, 57, 57, 57, 17, 17, 17, 17, 57, 13, 13, 13, 13, 16, 16, 16, 17, 57, 57, 26, 57, 24, 24, 24, 26, 26, 30, 30, 30, 30, 37, 37, 37, 37, 37, 37, 37, 47, 54, 54, 54, 57, 57, 58, 57, 58, 47, 57, 54, 54, 54, 54, 54, 54, 57, 57, 57, 58]
7;jnanoxml 25C.odem;25;[1.0,0.0,2.5,2.0,];[7, 5, 10, 9];100.0;541;541;4779 ; [6, 20, 2, 3, 20, 7, 6, 7, 18, 9, 17, 19, 14, 14, 14, 23, 16, 17, 18, 19, 20, 21, 22, 23, 24]
8;jstl-1.0.6 18C.odem;18;[1.5,0.0,1.0,0.5,];[8, 5, 7, 6];100.0;101;101;531 ; [10, 10, 10, 10, 10, 10, 9, 9, 10, 9, 10, 11, 14, 14, 14, 17, 17, 17]
7;jstl-1.0.6 18C.odem;18;[0.5,0.0,1.0,0.5,];[6, 5, 7, 6];100.0;437;437;2831 ; [10, 10, 10, 10, 10, 10, 9, 9, 10, 9, 10, 11, 14, 14, 14, 17, 17, 17]
5;apache_zip 36C.odem;36;[-1.5,-2.5,2.5,0.0,1.0,0.0,];[2, 0, 10, 5, 7, 5];100.0;185;185;5062 ; [5, 5, 5, 5, 5, 5, 35, 35, 35, 35, 35, 35, 35, 35, 35, 35, 35, 35, 35, 35, 35, 35, 35, 35, 35, 35, 35, 35, 35, 35, 35, 35, 35, 35, 35, 35]
9;apache_zip 36C.odem;36;[-0.5,-1.0,1.0,-1.0,1.0,1.5,];[4, 3, 7, 3, 7, 8];100.0;18;18;25 ; [5, 5, 5, 5, 5, 5, 35, 35, 35, 35, 35, 35, 35, 35, 35, 35, 35, 35, 35, 35, 35, 35, 35, 35, 35, 35, 35, 35, 35, 35, 35, 35, 35, 35, 35, 35]
2;seemp 31C.odem;31;[0.0,0.0,-1.5,2.5,0.5,-0.5,-1.5,-2.0,];[5, 5, 2, 10, 6, 4, 2, 1];100.0;141;141;2567 ; [27, 27, 27, 27, 27, 27, 27, 27, 27, 27, 27, 27, 27, 27, 27, 27, 27, 27, 27, 30, 26, 30, 30, 30, 30, 26, 26, 27, 30, 30, 30]
8;jnanoxml 25C.odem;25;[0.5,0.0,2.0,1.0,];[6, 5, 9, 7];100.0;450;450;5468 ; [6, 20, 2, 3, 20, 7, 6, 7, 18, 9, 17, 19, 14, 14, 14, 23, 16, 17, 18, 19, 20, 21, 22, 23, 24]
0;seemp 31C.odem;31;[-1.5,-2.5,-1.0,0.5,-0.5,-1.0,0.5,-0.5,];[2, 0, 3, 6, 4, 3, 6, 4];100.0;173;173;4003 ; [27, 27, 27, 27, 27, 27, 27, 27, 27, 27, 27, 27, 27, 27, 27, 27, 27, 27, 27, 30, 26, 30, 30, 30, 30, 26, 26, 27, 30, 30, 30]
1;jfluid-1.7.0 82C.odem;82;[-2.5,0.0,0.5,-2.5,-1.5,1.0,];[0, 5, 6, 0, 2, 7];100.0;34;34;7714 ; [7, 7, 7, 7, 81, 81, 81, 7, 81, 81, 81, 81, 81, 81, 81, 81, 81, 81, 81, 81, 81, 81, 81, 81, 81, 81, 81, 81, 81, 81, 81, 81, 81, 81, 81, 81, 81, 81, 81, 81, 81, 81, 81, 81, 81, 81, 81, 81, 81, 81, 81, 81, 81, 74, 81, 74, 81, 74, 81, 81, 81, 74, 81, 81, 81, 81, 81, 74, 81, 81, 81, 74, 81, 74, 74, 81, 81, 81, 81, 81, 81, 81]
2;seemp 31C.odem;31;[-2.0,2.0,-2.5,-2.0,-1.0,0.5,];[1, 9, 0, 1, 3, 6];100.0;211;211;5388 ; [27, 27, 27, 27, 27, 27, 27, 27, 27, 27, 27, 27, 27, 27, 27, 27, 27, 27, 27, 30, 26, 30, 30, 30, 30, 26, 26, 27, 30, 30, 30]
3;seemp 31C.odem;31;[1.0,0.0,0.5,-0.5,1.5,1.0,0.0,1.0,];[7, 5, 6, 4, 8, 7, 5, 7];100.0;67;67;1012 ; [27, 27, 27, 27, 27, 27, 27, 27, 27, 27, 27, 27, 27, 27, 27, 27, 27, 27, 27, 30, 26, 30, 30, 30, 30, 26, 26, 27, 30, 30, 30]
8;apache_zip 36C.odem;36;[2.0,0.0,-1.0,1.5,1.0,-1.5,];[9, 5, 3, 8, 7, 2];100.0;170;170;6696 ; [5, 5, 5, 5, 5, 5, 35, 35, 35, 35, 35, 35, 35, 35, 35, 35, 35, 35, 35, 35, 35, 35, 35, 35, 35, 35, 35, 35, 35, 35, 35, 35, 35, 35, 35, 35]
0;apache_zip 36C.odem;36;[-1.5,2.5,-0.5,-0.5,1.0,-2.5,-1.0,-1.5,];[2, 10, 4, 4, 7, 0, 3, 2];100.0;247;247;6522 ; [5, 5, 5, 5, 5, 5, 35, 35, 35, 35, 35, 35, 35, 35, 35, 35, 35, 35, 35, 35, 35, 35, 35, 35, 35, 35, 35, 35, 35, 35, 35, 35, 35, 35, 35, 35]
1;seemp 31C.odem;31;[0.0,1.0,-2.5,0.5,-1.0,-0.5,-1.0,-2.0,];[5, 7, 0, 6, 3, 4, 3, 1];100.0;408;408;6266 ; [27, 27, 27, 27, 27, 27, 27, 27, 27, 27, 27, 27, 27, 27, 27, 27, 27, 27, 27, 30, 26, 30, 30, 30, 30, 26, 26, 27, 30, 30, 30]
7;apache_zip 36C.odem;36;[2.0,0.0,0.5,2.5,1.5,0.5,];[9, 5, 6, 10, 8, 6];100.0;288;288;8948 ; [5, 5, 5, 5, 5, 5, 35, 35, 35, 35, 35, 35, 35, 35, 35, 35, 35, 35, 35, 35, 35, 35, 35, 35, 35, 35, 35, 35, 35, 35, 35, 35, 35, 35, 35, 35]
9;jstl-1.0.6 18C.odem;18;[1.0,0.0,2.0,1.0,];[7, 5, 9, 7];100.0;916;916;5357 ; [10, 10, 10, 10, 10, 10, 9, 9, 10, 9, 10, 11, 14, 14, 14, 17, 17, 17]
0;jstl-1.0.6 18C.odem;18;[2.5,0.5,-1.0,1.5,1.0,-0.5,];[10, 6, 3, 8, 7, 4];85.71;2507;600;9785 ; [17, 17, 17, 17, 17, 17, 17, 17, 17, 17, 10, 17, 17, 17, 17, 17, 17, 17]
2;jstl-1.0.6 18C.odem;18;[1.5,0.5,0.0,0.0,1.0,1.0,];[8, 6, 5, 5, 7, 7];92.86;2509;1816;10074 ; [10, 10, 11, 10, 10, 10, 11, 11, 11, 11, 10, 11, 14, 13, 14, 17, 16, 17]
5;jstl-1.0.6 18C.odem;18;[2.5,0.0,1.0,0.5,];[10, 5, 7, 6];100.0;2107;2107;10269 ; [10, 10, 10, 10, 10, 10, 9, 9, 10, 9, 10, 11, 14, 14, 14, 17, 17, 17]
3;seemp 31C.odem;31;[1.5,0.0,1.0,0.5,];[8, 5, 7, 6];100.0;616;616;10588 ; [27, 27, 27, 27, 27, 27, 27, 27, 27, 27, 27, 27, 27, 27, 27, 27, 27, 27, 27, 30, 26, 30, 30, 30, 30, 26, 26, 27, 30, 30, 30]
4;seemp 31C.odem;31;[-2.0,0.0,-2.0,-0.5,];[1, 5, 1, 4];100.0;1;0;1 ; [27, 27, 27, 27, 27, 27, 27, 27, 27, 27, 27, 27, 27, 27, 27, 27, 27, 27, 27, 30, 26, 30, 30, 30, 30, 26, 26, 27, 30, 30, 30]
2;seemp 31C.odem;31;[0.5,0.0,1.0,0.5,];[6, 5, 7, 6];100.0;981;981;16108 ; [27, 27, 27, 27, 27, 27, 27, 27, 27, 27, 27, 27, 27, 27, 27, 27, 27, 27, 27, 30, 26, 30, 30, 30, 30, 26, 26, 27, 30, 30, 30]
4;forms-1.3.0 68C.odem;68;[0.5,0.0,2.5,1.5,];[6, 5, 10, 8];100.0;144;144;15741 ; [67, 67, 67, 67, 67, 67, 67, 67, 67, 67, 67, 66, 66, 66, 16, 16, 16, 67, 67, 67, 26, 26, 26, 26, 26, 26, 26, 67, 67, 67, 67, 67, 67, 67, 67, 67, 67, 67, 67, 67, 67, 67, 67, 67, 67, 67, 67, 67, 67, 67, 67, 67, 67, 67, 67, 67, 67, 67, 67, 65, 65, 65, 67, 67, 67, 65, 66, 67]
1;jstl-1.0.6 18C.odem;18;[1.5,-0.5,0.0,2.0,1.5,0.5,];[8, 4, 5, 9, 8, 6];92.86;2500;1300;12537 ; [8, 8, 8, 8, 8, 8, 7, 7, 8, 9, 10, 11, 14, 14, 14, 17, 17, 17]
2;apache_zip 36C.odem;36;[-2.0,-1.0,-1.0,1.5,0.0,-2.5,1.0,-1.5,];[1, 3, 3, 8, 5, 0, 7, 2];100.0;375;375;11520 ; [5, 5, 5, 5, 5, 5, 35, 35, 35, 35, 35, 35, 35, 35, 35, 35, 35, 35, 35, 35, 35, 35, 35, 35, 35, 35, 35, 35, 35, 35, 35, 35, 35, 35, 35, 35]
2;jnanoxml 25C.odem;25;[1.5,0.0,-0.5,1.0,0.5,2.5,];[8, 5, 4, 7, 6, 10];100.0;1238;1238;14524 ; [6, 20, 2, 3, 20, 7, 6, 7, 18, 9, 17, 19, 14, 14, 14, 23, 16, 17, 18, 19, 20, 21, 22, 23, 24]
0;jstl-1.0.6 18C.odem;18;[-2.5,0.0,1.0,0.0,1.0,0.0,-2.5,-0.5,];[0, 5, 7, 5, 7, 5, 0, 4];85.71;2500;147;12196 ; [15, 15, 16, 16, 15, 15, 15, 16, 15, 16, 15, 16, 15, 16, 14, 15, 16, 17]
5;seemp 31C.odem;31;[1.0,1.5,1.0,-2.0,0.5,1.5,0.0,0.0,];[7, 8, 7, 1, 6, 8, 5, 5];100.0;303;303;7464 ; [27, 27, 27, 27, 27, 27, 27, 27, 27, 27, 27, 27, 27, 27, 27, 27, 27, 27, 27, 30, 26, 30, 30, 30, 30, 26, 26, 27, 30, 30, 30]
3;apache_zip 36C.odem;36;[-2.0,2.0,0.0,2.0,-2.5,-0.5,-1.0,-1.0,];[1, 9, 5, 9, 0, 4, 3, 3];100.0;212;212;6647 ; [5, 5, 5, 5, 5, 5, 35, 35, 35, 35, 35, 35, 35, 35, 35, 35, 35, 35, 35, 35, 35, 35, 35, 35, 35, 35, 35, 35, 35, 35, 35, 35, 35, 35, 35, 35]
5;seemp 31C.odem;31;[-0.5,0.0,-1.5,-0.5,];[4, 5, 2, 4];100.0;189;189;3900 ; [27, 27, 27, 27, 27, 27, 27, 27, 27, 27, 27, 27, 27, 27, 27, 27, 27, 27, 27, 30, 26, 30, 30, 30, 30, 26, 26, 27, 30, 30, 30]
0;seemp 31C.odem;31;[2.0,-1.5,2.0,1.0,];[9, 2, 9, 7];100.0;1210;1210;21391 ; [27, 27, 27, 27, 27, 27, 27, 27, 27, 27, 27, 27, 27, 27, 27, 27, 27, 27, 27, 30, 26, 30, 30, 30, 30, 26, 26, 27, 30, 30, 30]
1;jstl-1.0.6 18C.odem;18;[-2.5,-1.5,-2.5,-2.5,-1.0,-1.5,0.0,-2.0,];[0, 2, 0, 0, 3, 2, 5, 1];85.71;2509;65;14529 ; [8, 8, 13, 8, 13, 13, 13, 7, 8, 13, 13, 11, 13, 13, 14, 16, 16, 17]
1;javaocr 59C.odem;59;[2.5,0.0,2.0,1.0,];[10, 5, 9, 7];100.0;270;270;22874 ; [17, 57, 57, 57, 57, 17, 17, 17, 17, 57, 13, 13, 13, 13, 16, 16, 16, 17, 57, 57, 26, 57, 24, 24, 24, 26, 26, 30, 30, 30, 30, 37, 37, 37, 37, 37, 37, 37, 47, 54, 54, 54, 57, 57, 58, 57, 58, 47, 57, 54, 54, 54, 54, 54, 54, 57, 57, 57, 58]
2;jstl-1.0.6 18C.odem;18;[-2.0,0.5,1.0,-0.5,0.5,-1.0,-1.5,-0.5,];[1, 6, 7, 4, 6, 3, 2, 4];85.71;2503;212;15280 ; [14, 14, 14, 14, 17, 14, 17, 17, 14, 14, 17, 14, 14, 17, 14, 17, 17, 17]
6;forms-1.3.0 68C.odem;68;[-2.0,0.5,-1.0,-0.5,];[1, 6, 3, 4];100.0;112;112;20554 ; [67, 67, 67, 67, 67, 67, 67, 67, 67, 67, 67, 66, 66, 66, 16, 16, 16, 67, 67, 67, 26, 26, 26, 26, 26, 26, 26, 67, 67, 67, 67, 67, 67, 67, 67, 67, 67, 67, 67, 67, 67, 67, 67, 67, 67, 67, 67, 67, 67, 67, 67, 67, 67, 67, 67, 67, 67, 67, 67, 65, 65, 65, 67, 67, 67, 65, 66, 67]
4;javaocr 59C.odem;59;[1.5,0.0,2.0,1.0,];[8, 5, 9, 7];100.0;23;23;2287 ; [17, 57, 57, 57, 57, 17, 17, 17, 17, 57, 13, 13, 13, 13, 16, 16, 16, 17, 57, 57, 26, 57, 24, 24, 24, 26, 26, 30, 30, 30, 30, 37, 37, 37, 37, 37, 37, 37, 47, 54, 54, 54, 57, 57, 58, 57, 58, 47, 57, 54, 54, 54, 54, 54, 54, 57, 57, 57, 58]
7;seemp 31C.odem;31;[-2.5,0.0,-2.0,-0.5,];[0, 5, 1, 4];100.0;197;197;4769 ; [27, 27, 27, 27, 27, 27, 27, 27, 27, 27, 27, 27, 27, 27, 27, 27, 27, 27, 27, 30, 26, 30, 30, 30, 30, 26, 26, 27, 30, 30, 30]
0;jscatterplot 74C.odem;74;[-0.5,0.0,-2.5,-1.0,];[4, 5, 0, 3];100.0;132;132;26048 ; [73, 73, 73, 73, 73, 73, 73, 73, 73, 73, 73, 73, 73, 73, 73, 73, 73, 73, 73, 22, 73, 73, 22, 73, 73, 73, 73, 73, 73, 73, 73, 73, 73, 73, 73, 73, 73, 73, 73, 73, 73, 73, 73, 73, 73, 73, 73, 73, 73, 73, 73, 73, 73, 73, 73, 73, 72, 72, 72, 72, 72, 72, 72, 72, 72, 73, 73, 73, 73, 73, 73, 73, 72, 73]
1;jnanoxml 25C.odem;25;[1.0,0.0,0.0,0.0,0.5,2.0,];[7, 5, 5, 5, 6, 9];100.0;2011;2011;22079 ; [6, 20, 2, 3, 20, 7, 6, 7, 18, 9, 17, 19, 14, 14, 14, 23, 16, 17, 18, 19, 20, 21, 22, 23, 24]
7;forms-1.3.0 68C.odem;68;[-2.5,0.0,-2.5,-2.0,];[0, 5, 0, 1];100.0;120;120;20751 ; [67, 67, 67, 67, 67, 67, 67, 67, 67, 67, 67, 66, 66, 66, 16, 16, 16, 67, 67, 67, 26, 26, 26, 26, 26, 26, 26, 67, 67, 67, 67, 67, 67, 67, 67, 67, 67, 67, 67, 67, 67, 67, 67, 67, 67, 67, 67, 67, 67, 67, 67, 67, 67, 67, 67, 67, 67, 67, 67, 65, 65, 65, 67, 67, 67, 65, 66, 67]
1;jscatterplot 74C.odem;74;[-0.5,1.5,-1.0,-0.5,];[4, 8, 3, 4];100.0;160;160;28240 ; [73, 73, 73, 73, 73, 73, 73, 73, 73, 73, 73, 73, 73, 73, 73, 73, 73, 73, 73, 22, 73, 73, 22, 73, 73, 73, 73, 73, 73, 73, 73, 73, 73, 73, 73, 73, 73, 73, 73, 73, 73, 73, 73, 73, 73, 73, 73, 73, 73, 73, 73, 73, 73, 73, 73, 73, 72, 72, 72, 72, 72, 72, 72, 72, 72, 73, 73, 73, 73, 73, 73, 73, 72, 73]
3;jstl-1.0.6 18C.odem;18;[1.5,-2.0,2.0,2.5,1.0,-1.0,];[8, 1, 9, 10, 7, 3];92.86;2504;373;13272 ; [10, 10, 10, 10, 10, 10, 7, 7, 9, 9, 10, 11, 14, 14, 14, 17, 17, 17]
1;seemp 31C.odem;31;[-0.5,0.5,-2.0,-2.5,-0.5,-0.5,];[4, 6, 1, 0, 4, 4];100.0;1043;1043;22905 ; [27, 27, 27, 27, 27, 27, 27, 27, 27, 27, 27, 27, 27, 27, 27, 27, 27, 27, 27, 30, 26, 30, 30, 30, 30, 26, 26, 27, 30, 30, 30]
5;apache_zip 36C.odem;36;[0.0,0.0,-1.0,2.5,-1.0,-0.5,-0.5,0.0,];[5, 5, 3, 10, 3, 4, 4, 5];100.0;269;269;9865 ; [5, 5, 5, 5, 5, 5, 35, 35, 35, 35, 35, 35, 35, 35, 35, 35, 35, 35, 35, 35, 35, 35, 35, 35, 35, 35, 35, 35, 35, 35, 35, 35, 35, 35, 35, 35]
4;jstl-1.0.6 18C.odem;18;[-2.5,2.5,0.0,-2.5,-2.5,-2.5,];[0, 10, 5, 0, 0, 0];92.86;2507;658;14592 ; [16, 16, 16, 16, 16, 16, 17, 17, 16, 17, 16, 16, 12, 13, 16, 16, 16, 17]
0;jnanoxml 25C.odem;25;[2.5,0.0,0.0,-0.5,0.5,2.0,];[10, 5, 5, 4, 6, 9];100.0;2106;2106;25977 ; [6, 20, 2, 3, 20, 7, 6, 7, 18, 9, 17, 19, 14, 14, 14, 23, 16, 17, 18, 19, 20, 21, 22, 23, 24]
6;seemp 31C.odem;31;[1.5,0.0,0.0,-0.5,1.5,0.0,0.5,2.0,];[8, 5, 5, 4, 8, 5, 6, 9];100.0;751;751;17512 ; [27, 27, 27, 27, 27, 27, 27, 27, 27, 27, 27, 27, 27, 27, 27, 27, 27, 27, 27, 30, 26, 30, 30, 30, 30, 26, 26, 27, 30, 30, 30]
5;jstl-1.0.6 18C.odem;18;[-2.5,0.5,0.0,-2.0,-2.0,-2.0,];[0, 6, 5, 1, 1, 1];92.86;2509;832;14104 ; [8, 8, 5, 8, 8, 5, 8, 7, 8, 9, 10, 11, 13, 13, 14, 16, 16, 17]
9;forms-1.3.0 68C.odem;68;[-2.0,0.0,-2.5,-2.0,];[1, 5, 0, 1];100.0;37;37;8578 ; [67, 67, 67, 67, 67, 67, 67, 67, 67, 67, 67, 66, 66, 66, 16, 16, 16, 67, 67, 67, 26, 26, 26, 26, 26, 26, 26, 67, 67, 67, 67, 67, 67, 67, 67, 67, 67, 67, 67, 67, 67, 67, 67, 67, 67, 67, 67, 67, 67, 67, 67, 67, 67, 67, 67, 67, 67, 67, 67, 65, 65, 65, 67, 67, 67, 65, 66, 67]
5;jstl-1.0.6 18C.odem;18;[-1.0,-0.5,-2.5,0.0,-1.0,-1.0,0.0,0.5,];[3, 4, 0, 5, 3, 3, 5, 6];85.71;2506;2367;10056 ; [15, 15, 17, 17, 17, 15, 6, 15, 15, 17, 15, 11, 17, 13, 15, 15, 16, 17]
3;jstl-1.0.6 18C.odem;18;[0.0,-0.5,0.5,0.5,0.0,2.5,2.5,-2.0,];[5, 4, 6, 6, 5, 10, 10, 1];85.71;2515;1496;13724 ; [0, 1, 14, 14, 5, 5, 14, 7, 10, 14, 10, 11, 14, 14, 14, 17, 17, 17]
6;seemp 31C.odem;31;[2.0,-1.5,1.0,0.5,];[9, 2, 7, 6];100.0;751;751;18600 ; [27, 27, 27, 27, 27, 27, 27, 27, 27, 27, 27, 27, 27, 27, 27, 27, 27, 27, 27, 30, 26, 30, 30, 30, 30, 26, 26, 27, 30, 30, 30]
1;apache_zip 36C.odem;36;[-2.0,-1.5,2.5,0.0,2.5,2.5,1.5,0.0,];[1, 2, 10, 5, 10, 10, 8, 5];100.0;835;835;28999 ; [5, 5, 5, 5, 5, 5, 35, 35, 35, 35, 35, 35, 35, 35, 35, 35, 35, 35, 35, 35, 35, 35, 35, 35, 35, 35, 35, 35, 35, 35, 35, 35, 35, 35, 35, 35]
4;jstl-1.0.6 18C.odem;18;[1.0,-0.5,1.0,-1.5,0.0,1.5,1.5,1.5,];[7, 4, 7, 2, 5, 8, 8, 8];85.71;2500;413;14892 ; [11, 11, 11, 11, 11, 11, 7, 7, 11, 11, 11, 11, 14, 14, 14, 17, 17, 17]
0;javaocr 59C.odem;59;[1.0,0.0,0.0,1.0,0.5,0.5,];[7, 5, 5, 7, 6, 6];100.0;287;287;33395 ; [17, 57, 57, 57, 57, 17, 17, 17, 17, 57, 13, 13, 13, 13, 16, 16, 16, 17, 57, 57, 26, 57, 24, 24, 24, 26, 26, 30, 30, 30, 30, 37, 37, 37, 37, 37, 37, 37, 47, 54, 54, 54, 57, 57, 58, 57, 58, 47, 57, 54, 54, 54, 54, 54, 54, 57, 57, 57, 58]
8;seemp 31C.odem;31;[1.0,-0.5,1.0,0.5,];[7, 4, 7, 6];100.0;641;641;15423 ; [27, 27, 27, 27, 27, 27, 27, 27, 27, 27, 27, 27, 27, 27, 27, 27, 27, 27, 27, 30, 26, 30, 30, 30, 30, 26, 26, 27, 30, 30, 30]
1;jnanoxml 25C.odem;25;[2.5,-0.5,1.5,2.0,-2.5,2.0,1.0,0.5,];[10, 4, 8, 9, 0, 9, 7, 6];86.36;2506;823;30372 ; [19, 1, 2, 3, 4, 5, 6, 7, 8, 9, 10, 19, 12, 13, 14, 15, 16, 17, 18, 19, 20, 21, 22, 23, 24]
2;jnanoxml 25C.odem;25;[-2.5,-1.5,-2.0,-0.5,-1.0,-1.5,-2.0,-0.5,];[0, 2, 1, 4, 3, 2, 1, 4];95.45;2505;1308;30497 ; [0, 1, 2, 3, 4, 5, 6, 7, 8, 9, 10, 11, 12, 13, 14, 15, 16, 17, 22, 22, 20, 21, 22, 23, 24]
5;jnanoxml 25C.odem;25;[-2.5,0.0,1.0,-1.5,-1.0,-1.5,];[0, 5, 7, 2, 3, 2];100.0;469;469;8047 ; [6, 20, 2, 3, 20, 7, 6, 7, 18, 9, 17, 19, 14, 14, 14, 23, 16, 17, 18, 19, 20, 21, 22, 23, 24]
0;jnanoxml 25C.odem;25;[2.5,0.5,-2.0,2.0,0.5,0.5,-1.0,1.5,];[10, 6, 1, 9, 6, 6, 3, 8];86.36;2512;2054;31569 ; [11, 19, 8, 3, 8, 8, 6, 7, 8, 9, 10, 11, 12, 13, 14, 15, 16, 17, 18, 19, 20, 21, 22, 23, 24]
1;udt-java 56C.odem;56;[-0.5,0.0,-2.5,-1.5,];[4, 5, 0, 2];100.0;373;373;38208 ; [18, 24, 46, 55, 29, 53, 47, 18, 46, 46, 18, 29, 18, 53, 16, 30, 16, 24, 18, 20, 20, 27, 23, 23, 24, 55, 26, 27, 30, 29, 30, 34, 36, 53, 34, 53, 36, 53, 38, 46, 52, 42, 42, 48, 48, 52, 46, 47, 48, 54, 53, 54, 52, 53, 54, 55]
4;jnanoxml 25C.odem;25;[-0.5,0.0,0.0,0.5,-0.5,-2.0,];[4, 5, 5, 6, 4, 1];100.0;822;822;12851 ; [6, 20, 2, 3, 20, 7, 6, 7, 18, 9, 17, 19, 14, 14, 14, 23, 16, 17, 18, 19, 20, 21, 22, 23, 24]
8;forms-1.3.0 68C.odem;68;[-0.5,0.0,-1.0,-0.5,];[4, 5, 3, 4];100.0;119;119;24065 ; [67, 67, 67, 67, 67, 67, 67, 67, 67, 67, 67, 66, 66, 66, 16, 16, 16, 67, 67, 67, 26, 26, 26, 26, 26, 26, 26, 67, 67, 67, 67, 67, 67, 67, 67, 67, 67, 67, 67, 67, 67, 67, 67, 67, 67, 67, 67, 67, 67, 67, 67, 67, 67, 67, 67, 67, 67, 67, 67, 65, 65, 65, 67, 67, 67, 65, 66, 67]
7;jstl-1.0.6 18C.odem;18;[2.0,-2.0,0.0,2.5,1.0,-0.5,];[9, 1, 5, 10, 7, 4];92.86;2503;541;11376 ; [9, 9, 9, 9, 14, 14, 16, 16, 9, 9, 16, 11, 14, 14, 14, 17, 16, 17]
4;seemp 31C.odem;31;[-1.0,1.5,2.5,-1.0,2.0,1.5,-1.5,2.0,];[3, 8, 10, 3, 9, 8, 2, 9];100.0;1322;1322;31325 ; [27, 27, 27, 27, 27, 27, 27, 27, 27, 27, 27, 27, 27, 27, 27, 27, 27, 27, 27, 30, 26, 30, 30, 30, 30, 26, 26, 27, 30, 30, 30]
6;jstl-1.0.6 18C.odem;18;[-2.0,0.5,0.0,-1.5,-1.5,-1.5,];[1, 6, 5, 2, 2, 2];92.86;2512;1553;14846 ; [10, 10, 10, 10, 10, 10, 13, 13, 9, 9, 10, 11, 14, 13, 14, 17, 16, 17]
9;seemp 31C.odem;31;[-0.5,1.0,2.0,-1.5,2.5,2.5,-2.0,2.0,];[4, 7, 9, 2, 10, 10, 1, 9];100.0;96;96;936 ; [27, 27, 27, 27, 27, 27, 27, 27, 27, 27, 27, 27, 27, 27, 27, 27, 27, 27, 27, 30, 26, 30, 30, 30, 30, 26, 26, 27, 30, 30, 30]
9;seemp 31C.odem;31;[1.0,0.0,2.0,0.5,];[7, 5, 9, 6];100.0;788;788;19042 ; [27, 27, 27, 27, 27, 27, 27, 27, 27, 27, 27, 27, 27, 27, 27, 27, 27, 27, 27, 30, 26, 30, 30, 30, 30, 26, 26, 27, 30, 30, 30]
8;jstl-1.0.6 18C.odem;18;[-0.5,2.0,-1.0,-0.5,-0.5,0.0,];[4, 9, 3, 4, 4, 5];85.71;2504;235;11654 ; [9, 9, 9, 9, 9, 9, 9, 7, 9, 9, 10, 11, 12, 13, 14, 15, 16, 17]
7;apache_zip 36C.odem;36;[-0.5,-0.5,1.5,1.0,-0.5,1.5,1.5,0.5,];[4, 4, 8, 7, 4, 8, 8, 6];100.0;272;272;9642 ; [5, 5, 5, 5, 5, 5, 35, 35, 35, 35, 35, 35, 35, 35, 35, 35, 35, 35, 35, 35, 35, 35, 35, 35, 35, 35, 35, 35, 35, 35, 35, 35, 35, 35, 35, 35]
7;jstl-1.0.6 18C.odem;18;[0.5,2.0,-1.5,-1.5,-0.5,-2.0,0.5,-2.0,];[6, 9, 2, 2, 4, 1, 6, 1];85.71;2511;1425;15408 ; [10, 10, 10, 10, 5, 5, 10, 10, 10, 10, 10, 11, 14, 14, 14, 17, 17, 17]
6;jstl-1.0.6 18C.odem;18;[-2.5,-0.5,0.0,1.0,0.0,-1.5,-2.5,-1.0,];[0, 4, 5, 7, 5, 2, 0, 3];85.71;2504;1434;16075 ; [11, 11, 11, 11, 11, 11, 11, 11, 11, 12, 10, 11, 12, 13, 14, 15, 16, 17]
8;jstl-1.0.6 18C.odem;18;[-1.5,-1.5,-1.5,0.0,-2.0,-2.5,0.0,-1.0,];[2, 2, 2, 5, 1, 0, 5, 3];85.71;2514;1385;15929 ; [10, 10, 7, 7, 7, 7, 10, 7, 10, 9, 10, 11, 13, 13, 14, 16, 16, 17]
3;jnanoxml 25C.odem;25;[-2.5,0.0,-2.0,0.0,-1.5,-2.5,];[0, 5, 1, 5, 2, 0];90.91;2512;1018;33583 ; [14, 1, 24, 24, 14, 19, 14, 19, 21, 9, 24, 11, 13, 13, 14, 23, 16, 17, 18, 19, 24, 21, 22, 23, 24]
0;xmlapi 184C.odem;184;[2.0,0.0,1.0,0.5,];[9, 5, 7, 6];100.0;18;18;53031 ; [101, 101, 101, 100, 100, 101, 172, 164, 104, 106, 102, 106, 107, 107, 100, 106, 102, 104, 104, 106, 104, 106, 101, 101, 106, 169, 102, 104, 104, 155, 101, 102, 107, 99, 101, 109, 109, 101, 101, 101, 109, 101, 99, 101, 101, 101, 101, 99, 100, 101, 101, 106, 102, 109, 105, 142, 103, 105, 108, 109, 103, 105, 109, 109, 104, 105, 106, 144, 101, 107, 108, 108, 150, 77, 77, 109, 77, 77, 80, 101, 80, 95, 95, 95, 95, 95, 95, 95, 95, 98, 101, 95, 95, 95, 95, 95, 98, 101, 98, 99, 100, 101, 102, 103, 104, 105, 106, 107, 108, 109, 110, 111, 112, 113, 114, 115, 116, 117, 118, 119, 120, 121, 122, 123, 124, 125, 126, 127, 128, 129, 130, 133, 132, 133, 134, 135, 136, 139, 139, 139, 144, 143, 142, 143, 144, 148, 148, 148, 148, 150, 150, 151, 152, 162, 160, 155, 159, 165, 159, 159, 160, 162, 162, 164, 164, 165, 167, 167, 168, 169, 170, 171, 172, 173, 175, 175, 176, 179, 179, 179, 180, 183, 183, 183]
9;jstl-1.0.6 18C.odem;18;[-2.0,1.5,-2.0,1.5,-1.5,-2.5,];[1, 8, 1, 8, 2, 0];92.86;2509;471;12959 ; [14, 14, 14, 11, 14, 5, 11, 11, 14, 14, 14, 11, 13, 13, 14, 16, 16, 17]
7;seemp 31C.odem;31;[2.0,-1.0,-2.5,2.5,-1.5,-1.0,1.0,-2.5,];[9, 3, 0, 10, 2, 3, 7, 0];100.0;1411;1411;35615 ; [27, 27, 27, 27, 27, 27, 27, 27, 27, 27, 27, 27, 27, 27, 27, 27, 27, 27, 27, 30, 26, 30, 30, 30, 30, 26, 26, 27, 30, 30, 30]
4;udt-java 56C.odem;56;[2.0,0.0,2.5,1.5,];[9, 5, 10, 8];100.0;150;150;18388 ; [18, 24, 46, 55, 29, 53, 47, 18, 46, 46, 18, 29, 18, 53, 16, 30, 16, 24, 18, 20, 20, 27, 23, 23, 24, 55, 26, 27, 30, 29, 30, 34, 36, 53, 34, 53, 36, 53, 38, 46, 52, 42, 42, 48, 48, 52, 46, 47, 48, 54, 53, 54, 52, 53, 54, 55]
4;apache_zip 36C.odem;36;[-1.5,1.0,1.5,0.0,-1.5,-1.5,1.0,0.5,];[2, 7, 8, 5, 2, 2, 7, 6];100.0;1064;1064;41133 ; [5, 5, 5, 5, 5, 5, 35, 35, 35, 35, 35, 35, 35, 35, 35, 35, 35, 35, 35, 35, 35, 35, 35, 35, 35, 35, 35, 35, 35, 35, 35, 35, 35, 35, 35, 35]
5;javaocr 59C.odem;59;[1.0,0.0,1.0,0.5,];[7, 5, 7, 6];100.0;282;282;35466 ; [17, 57, 57, 57, 57, 17, 17, 17, 17, 57, 13, 13, 13, 13, 16, 16, 16, 17, 57, 57, 26, 57, 24, 24, 24, 26, 26, 30, 30, 30, 30, 37, 37, 37, 37, 37, 37, 37, 47, 54, 54, 54, 57, 57, 58, 57, 58, 47, 57, 54, 54, 54, 54, 54, 54, 57, 57, 57, 58]
9;jstl-1.0.6 18C.odem;18;[-1.0,1.0,-2.5,-2.0,1.0,0.5,-1.5,-1.0,];[3, 7, 0, 1, 7, 6, 2, 3];85.71;2511;611;13459 ; [0, 1, 10, 10, 10, 10, 10, 10, 10, 10, 10, 11, 16, 16, 16, 15, 16, 17]
0;seemp 31C.odem;31;[1.5,0.5,-2.0,-2.0,-1.0,-1.5,];[8, 6, 1, 1, 3, 2];96.43;2513;207;55759 ; [30, 30, 29, 30, 30, 30, 30, 30, 30, 30, 30, 30, 30, 30, 30, 30, 30, 29, 29, 29, 29, 29, 29, 29, 29, 29, 30, 30, 29, 29, 30]
7;jnanoxml 25C.odem;25;[2.0,-1.0,0.5,-1.5,2.0,2.0,];[9, 3, 6, 2, 9, 9];90.91;2508;1173;23833 ; [11, 23, 10, 17, 23, 21, 11, 21, 21, 9, 10, 11, 13, 13, 21, 21, 16, 17, 23, 21, 21, 21, 22, 23, 24]
9;apache_zip 36C.odem;36;[0.5,-2.5,2.0,1.5,1.5,1.5,0.0,-0.5,];[6, 0, 9, 8, 8, 8, 5, 4];100.0;149;149;5035 ; [5, 5, 5, 5, 5, 5, 35, 35, 35, 35, 35, 35, 35, 35, 35, 35, 35, 35, 35, 35, 35, 35, 35, 35, 35, 35, 35, 35, 35, 35, 35, 35, 35, 35, 35, 35]
4;seemp 31C.odem;31;[0.5,-0.5,2.5,2.0,1.0,-1.5,];[6, 4, 10, 9, 7, 2];100.0;1381;1381;35134 ; [27, 27, 27, 27, 27, 27, 27, 27, 27, 27, 27, 27, 27, 27, 27, 27, 27, 27, 27, 30, 26, 30, 30, 30, 30, 26, 26, 27, 30, 30, 30]
6;seemp 31C.odem;31;[-1.5,0.0,0.0,-1.5,-0.5,0.0,];[2, 5, 5, 2, 4, 5];100.0;47;47;683 ; [27, 27, 27, 27, 27, 27, 27, 27, 27, 27, 27, 27, 27, 27, 27, 27, 27, 27, 27, 30, 26, 30, 30, 30, 30, 26, 26, 27, 30, 30, 30]
2;udt-java 56C.odem;56;[-1.0,0.0,-1.5,-1.0,];[3, 5, 2, 3];100.0;586;586;64986 ; [18, 24, 46, 55, 29, 53, 47, 18, 46, 46, 18, 29, 18, 53, 16, 30, 16, 24, 18, 20, 20, 27, 23, 23, 24, 55, 26, 27, 30, 29, 30, 34, 36, 53, 34, 53, 36, 53, 38, 46, 52, 42, 42, 48, 48, 52, 46, 47, 48, 54, 53, 54, 52, 53, 54, 55]
2;jscatterplot 74C.odem;74;[1.0,0.0,2.0,1.0,];[7, 5, 9, 7];100.0;280;280;66566 ; [73, 73, 73, 73, 73, 73, 73, 73, 73, 73, 73, 73, 73, 73, 73, 73, 73, 73, 73, 22, 73, 73, 22, 73, 73, 73, 73, 73, 73, 73, 73, 73, 73, 73, 73, 73, 73, 73, 73, 73, 73, 73, 73, 73, 73, 73, 73, 73, 73, 73, 73, 73, 73, 73, 73, 73, 72, 72, 72, 72, 72, 72, 72, 72, 72, 73, 73, 73, 73, 73, 73, 73, 72, 73]
3;jnanoxml 25C.odem;25;[1.5,-1.5,1.5,2.5,-0.5,2.5,1.0,2.5,];[8, 2, 8, 10, 4, 10, 7, 10];77.27;2509;340;28938 ; [3, 1, 2, 3, 4, 5, 6, 7, 8, 9, 10, 11, 12, 13, 14, 15, 16, 17, 18, 19, 20, 21, 22, 23, 24]
6;jnanoxml 25C.odem;25;[-1.5,0.0,-0.5,0.5,-1.0,-2.5,];[2, 5, 4, 6, 3, 0];90.91;2502;452;29114 ; [6, 6, 2, 3, 6, 7, 6, 7, 18, 9, 17, 19, 14, 13, 14, 23, 16, 17, 18, 19, 20, 21, 22, 23, 24]
8;apache_zip 36C.odem;36;[-2.0,2.5,-2.0,2.0,-2.0,-0.5,-1.0,-2.5,];[1, 10, 1, 9, 1, 4, 3, 0];100.0;740;740;23022 ; [5, 5, 5, 5, 5, 5, 35, 35, 35, 35, 35, 35, 35, 35, 35, 35, 35, 35, 35, 35, 35, 35, 35, 35, 35, 35, 35, 35, 35, 35, 35, 35, 35, 35, 35, 35]
3;seemp 31C.odem;31;[-0.5,-0.5,1.0,-0.5,0.5,2.5,];[4, 4, 7, 4, 6, 10];96.43;2510;78;56775 ; [12, 7, 8, 7, 8, 7, 8, 7, 8, 12, 12, 18, 12, 27, 27, 27, 27, 18, 18, 30, 26, 30, 30, 30, 30, 26, 26, 27, 30, 30, 30]
6;apache_zip 36C.odem;36;[0.0,-1.5,-2.0,-2.5,0.5,-1.0,-1.5,-2.5,];[5, 2, 1, 0, 6, 3, 2, 0];100.0;1413;1413;39962 ; [5, 5, 5, 5, 5, 5, 35, 35, 35, 35, 35, 35, 35, 35, 35, 35, 35, 35, 35, 35, 35, 35, 35, 35, 35, 35, 35, 35, 35, 35, 35, 35, 35, 35, 35, 35]
8;seemp 31C.odem;31;[0.5,-2.0,-2.0,-2.0,-0.5,-2.5,0.5,-2.0,];[6, 1, 1, 1, 4, 0, 6, 1];100.0;1893;1893;38725 ; [27, 27, 27, 27, 27, 27, 27, 27, 27, 27, 27, 27, 27, 27, 27, 27, 27, 27, 27, 30, 26, 30, 30, 30, 30, 26, 26, 27, 30, 30, 30]
4;jnanoxml 25C.odem;25;[1.0,-0.5,2.0,1.0,-0.5,2.5,1.5,1.5,];[7, 4, 9, 7, 4, 10, 8, 8];86.36;2509;212;33268 ; [23, 1, 23, 24, 23, 5, 23, 23, 23, 23, 23, 11, 23, 23, 23, 15, 23, 23, 18, 19, 23, 23, 22, 23, 24]
8;jnanoxml 25C.odem;25;[1.5,0.0,-0.5,0.0,0.5,1.5,];[8, 5, 4, 5, 6, 8];100.0;1445;1445;18995 ; [6, 20, 2, 3, 20, 7, 6, 7, 18, 9, 17, 19, 14, 14, 14, 23, 16, 17, 18, 19, 20, 21, 22, 23, 24]
5;udt-java 56C.odem;56;[1.0,0.0,1.5,1.0,];[7, 5, 8, 7];100.0;166;166;17715 ; [18, 24, 46, 55, 29, 53, 47, 18, 46, 46, 18, 29, 18, 53, 16, 30, 16, 24, 18, 20, 20, 27, 23, 23, 24, 55, 26, 27, 30, 29, 30, 34, 36, 53, 34, 53, 36, 53, 38, 46, 52, 42, 42, 48, 48, 52, 46, 47, 48, 54, 53, 54, 52, 53, 54, 55]
5;jnanoxml 25C.odem;25;[1.0,-0.5,-1.5,-0.5,2.0,-2.5,-2.0,-1.0,];[7, 4, 2, 4, 9, 0, 1, 3];77.27;2509;241;36696 ; [9, 22, 21, 24, 22, 21, 9, 22, 9, 9, 20, 19, 14, 14, 14, 23, 17, 17, 22, 19, 20, 21, 22, 23, 24]
5;seemp 31C.odem;31;[0.5,-2.0,1.5,2.0,1.0,-0.5,];[6, 1, 8, 9, 7, 4];100.0;953;953;19402 ; [27, 27, 27, 27, 27, 27, 27, 27, 27, 27, 27, 27, 27, 27, 27, 27, 27, 27, 27, 30, 26, 30, 30, 30, 30, 26, 26, 27, 30, 30, 30]
5;jscatterplot 74C.odem;74;[0.5,-1.5,2.5,1.0,];[6, 2, 10, 7];100.0;58;58;15437 ; [73, 73, 73, 73, 73, 73, 73, 73, 73, 73, 73, 73, 73, 73, 73, 73, 73, 73, 73, 22, 73, 73, 22, 73, 73, 73, 73, 73, 73, 73, 73, 73, 73, 73, 73, 73, 73, 73, 73, 73, 73, 73, 73, 73, 73, 73, 73, 73, 73, 73, 73, 73, 73, 73, 73, 73, 72, 72, 72, 72, 72, 72, 72, 72, 72, 73, 73, 73, 73, 73, 73, 73, 72, 73]
6;udt-java 56C.odem;56;[1.5,0.0,1.5,1.0,];[8, 5, 8, 7];100.0;153;153;16284 ; [18, 24, 46, 55, 29, 53, 47, 18, 46, 46, 18, 29, 18, 53, 16, 30, 16, 24, 18, 20, 20, 27, 23, 23, 24, 55, 26, 27, 30, 29, 30, 34, 36, 53, 34, 53, 36, 53, 38, 46, 52, 42, 42, 48, 48, 52, 46, 47, 48, 54, 53, 54, 52, 53, 54, 55]
2;jfluid-1.7.0 82C.odem;82;[-2.0,0.0,0.0,-1.5,-1.0,0.0,];[1, 5, 5, 2, 3, 5];100.0;259;259;85071 ; [7, 7, 7, 7, 81, 81, 81, 7, 81, 81, 81, 81, 81, 81, 81, 81, 81, 81, 81, 81, 81, 81, 81, 81, 81, 81, 81, 81, 81, 81, 81, 81, 81, 81, 81, 81, 81, 81, 81, 81, 81, 81, 81, 81, 81, 81, 81, 81, 81, 81, 81, 81, 81, 74, 81, 74, 81, 74, 81, 81, 81, 74, 81, 81, 81, 81, 81, 74, 81, 81, 81, 74, 81, 74, 74, 81, 81, 81, 81, 81, 81, 81]
9;jnanoxml 25C.odem;25;[-1.5,0.0,0.0,0.5,0.0,-1.0,];[2, 5, 5, 6, 5, 3];90.91;2510;2300;28717 ; [14, 20, 23, 3, 14, 14, 20, 14, 23, 20, 23, 14, 14, 13, 14, 15, 16, 17, 23, 23, 20, 21, 23, 23, 24]
1;junit-3.8.1 100C.odem;100;[2.0,0.0,1.0,0.5,];[9, 5, 7, 6];100.0;184;184;94402 ; [48, 48, 48, 74, 74, 74, 74, 74, 74, 74, 74, 74, 74, 74, 74, 74, 74, 74, 74, 74, 74, 99, 99, 98, 98, 98, 99, 74, 74, 74, 74, 74, 74, 98, 74, 74, 45, 99, 74, 74, 45, 42, 42, 74, 74, 45, 74, 74, 48, 51, 51, 51, 60, 55, 55, 55, 99, 99, 99, 74, 60, 99, 99, 99, 99, 99, 99, 99, 99, 99, 99, 99, 74, 99, 74, 99, 99, 99, 99, 99, 99, 99, 99, 99, 99, 93, 93, 93, 93, 93, 93, 93, 93, 93, 97, 97, 97, 97, 98, 99]
1;servletapi-2.3 63C.odem;63;[0.5,0.0,2.0,1.0,];[6, 5, 9, 7];100.0;662;662;95796 ; [17, 17, 12, 12, 15, 12, 12, 12, 13, 13, 13, 12, 12, 13, 14, 15, 16, 17, 18, 19, 20, 21, 37, 32, 32, 37, 37, 32, 33, 30, 30, 31, 32, 33, 34, 35, 36, 37, 42, 39, 40, 46, 42, 43, 44, 46, 46, 51, 58, 51, 50, 51, 52, 53, 62, 59, 59, 61, 58, 59, 60, 61, 62]
7;seemp 31C.odem;31;[-2.5,2.0,-2.5,-2.0,-1.0,-0.5,];[0, 9, 0, 1, 3, 4];100.0;1482;1482;31333 ; [27, 27, 27, 27, 27, 27, 27, 27, 27, 27, 27, 27, 27, 27, 27, 27, 27, 27, 27, 30, 26, 30, 30, 30, 30, 26, 26, 27, 30, 30, 30]
0;javaocr 59C.odem;59;[-2.0,0.0,-2.5,-1.5,];[1, 5, 0, 2];100.0;833;833;99707 ; [17, 57, 57, 57, 57, 17, 17, 17, 17, 57, 13, 13, 13, 13, 16, 16, 16, 17, 57, 57, 26, 57, 24, 24, 24, 26, 26, 30, 30, 30, 30, 37, 37, 37, 37, 37, 37, 37, 47, 54, 54, 54, 57, 57, 58, 57, 58, 47, 57, 54, 54, 54, 54, 54, 54, 57, 57, 57, 58]
6;jnanoxml 25C.odem;25;[2.5,2.0,0.0,2.0,-1.5,1.5,1.5,1.5,];[10, 9, 5, 9, 2, 8, 8, 8];90.91;2512;1054;32682 ; [0, 1, 2, 3, 4, 22, 6, 7, 8, 9, 10, 22, 12, 13, 14, 15, 16, 17, 18, 22, 20, 21, 22, 23, 24]
8;udt-java 56C.odem;56;[-1.5,0.0,-1.5,-1.0,];[2, 5, 2, 3];100.0;151;151;17274 ; [18, 24, 46, 55, 29, 53, 47, 18, 46, 46, 18, 29, 18, 53, 16, 30, 16, 24, 18, 20, 20, 27, 23, 23, 24, 55, 26, 27, 30, 29, 30, 34, 36, 53, 34, 53, 36, 53, 38, 46, 52, 42, 42, 48, 48, 52, 46, 47, 48, 54, 53, 54, 52, 53, 54, 55]
7;jnanoxml 25C.odem;25;[-2.5,0.5,-2.5,-1.0,1.5,-2.5,-1.5,-2.0,];[0, 6, 0, 3, 8, 0, 2, 1];86.36;2507;1647;30541 ; [22, 8, 2, 3, 4, 5, 6, 7, 8, 9, 10, 11, 12, 13, 14, 15, 16, 17, 18, 19, 20, 21, 22, 23, 24]
9;seemp 31C.odem;31;[-1.0,0.5,2.0,-1.0,1.5,2.0,];[3, 6, 9, 3, 8, 9];100.0;890;890;20954 ; [27, 27, 27, 27, 27, 27, 27, 27, 27, 27, 27, 27, 27, 27, 27, 27, 27, 27, 27, 30, 26, 30, 30, 30, 30, 26, 26, 27, 30, 30, 30]
8;jnanoxml 25C.odem;25;[1.5,-0.5,0.0,1.0,-2.0,2.5,1.5,1.0,];[8, 4, 5, 7, 1, 10, 8, 7];86.36;2504;61;29669 ; [9, 11, 21, 24, 7, 7, 9, 7, 9, 9, 20, 11, 14, 14, 14, 23, 17, 17, 18, 19, 20, 21, 22, 23, 24]
9;udt-java 56C.odem;56;[-2.0,0.0,-1.5,-1.0,];[1, 5, 2, 3];100.0;90;90;9509 ; [18, 24, 46, 55, 29, 53, 47, 18, 46, 46, 18, 29, 18, 53, 16, 30, 16, 24, 18, 20, 20, 27, 23, 23, 24, 55, 26, 27, 30, 29, 30, 34, 36, 53, 34, 53, 36, 53, 38, 46, 52, 42, 42, 48, 48, 52, 46, 47, 48, 54, 53, 54, 52, 53, 54, 55]
7;javaocr 59C.odem;59;[-1.5,0.0,-2.5,-1.5,];[2, 5, 0, 2];100.0;83;83;10011 ; [17, 57, 57, 57, 57, 17, 17, 17, 17, 57, 13, 13, 13, 13, 16, 16, 16, 17, 57, 57, 26, 57, 24, 24, 24, 26, 26, 30, 30, 30, 30, 37, 37, 37, 37, 37, 37, 37, 47, 54, 54, 54, 57, 57, 58, 57, 58, 47, 57, 54, 54, 54, 54, 54, 54, 57, 57, 57, 58]
8;seemp 31C.odem;31;[-0.5,0.0,-2.0,-2.0,-1.0,1.0,];[4, 5, 1, 1, 3, 7];96.43;2504;307;49033 ; [30, 30, 30, 30, 30, 30, 30, 30, 30, 14, 30, 30, 30, 30, 14, 30, 30, 17, 30, 30, 30, 30, 30, 30, 30, 30, 30, 30, 30, 30, 30]
3;udt-java 56C.odem;56;[-0.5,0.0,-1.5,-1.0,];[4, 5, 2, 3];100.0;1122;1122;119307 ; [18, 24, 46, 55, 29, 53, 47, 18, 46, 46, 18, 29, 18, 53, 16, 30, 16, 24, 18, 20, 20, 27, 23, 23, 24, 55, 26, 27, 30, 29, 30, 34, 36, 53, 34, 53, 36, 53, 38, 46, 52, 42, 42, 48, 48, 52, 46, 47, 48, 54, 53, 54, 52, 53, 54, 55]
9;jnanoxml 25C.odem;25;[1.5,0.0,-0.5,0.0,-1.5,2.0,2.0,0.5,];[8, 5, 4, 5, 2, 9, 9, 6];90.91;2505;1882;29697 ; [9, 1, 24, 24, 7, 11, 9, 7, 9, 9, 24, 11, 14, 13, 14, 23, 24, 24, 18, 23, 20, 24, 22, 23, 24]
0;jfluid-1.7.0 82C.odem;82;[1.0,0.0,2.0,2.0,];[7, 5, 9, 9];100.0;454;454;137974 ; [7, 7, 7, 7, 81, 81, 81, 7, 81, 81, 81, 81, 81, 81, 81, 81, 81, 81, 81, 81, 81, 81, 81, 81, 81, 81, 81, 81, 81, 81, 81, 81, 81, 81, 81, 81, 81, 81, 81, 81, 81, 81, 81, 81, 81, 81, 81, 81, 81, 81, 81, 81, 81, 74, 81, 74, 81, 74, 81, 81, 81, 74, 81, 81, 81, 81, 81, 74, 81, 81, 81, 74, 81, 74, 74, 81, 81, 81, 81, 81, 81, 81]
2;servletapi-2.3 63C.odem;63;[2.5,0.0,1.0,0.5,];[10, 5, 7, 6];100.0;997;997;140513 ; [17, 17, 12, 12, 15, 12, 12, 12, 13, 13, 13, 12, 12, 13, 14, 15, 16, 17, 18, 19, 20, 21, 37, 32, 32, 37, 37, 32, 33, 30, 30, 31, 32, 33, 34, 35, 36, 37, 42, 39, 40, 46, 42, 43, 44, 46, 46, 51, 58, 51, 50, 51, 52, 53, 62, 59, 59, 61, 58, 59, 60, 61, 62]
1;javacc 154C.odem;154;[1.5,0.0,2.0,1.0,];[8, 5, 9, 7];100.0;87;87;150331 ; [153, 153, 72, 153, 153, 113, 113, 113, 153, 113, 153, 113, 113, 79, 79, 79, 79, 153, 79, 153, 79, 79, 79, 79, 79, 79, 79, 79, 153, 153, 153, 79, 153, 153, 79, 79, 79, 79, 79, 79, 79, 79, 79, 79, 79, 79, 79, 79, 79, 79, 79, 79, 79, 79, 79, 79, 153, 153, 153, 79, 153, 79, 153, 79, 79, 79, 79, 79, 153, 79, 153, 153, 72, 153, 153, 153, 153, 79, 79, 79, 153, 153, 153, 113, 153, 153, 153, 153, 153, 153, 153, 153, 153, 153, 153, 153, 153, 153, 153, 153, 113, 153, 113, 153, 153, 153, 153, 153, 153, 153, 153, 153, 113, 113, 153, 153, 153, 120, 120, 120, 120, 153, 153, 153, 153, 153, 153, 153, 153, 153, 153, 153, 153, 153, 153, 153, 153, 153, 153, 153, 153, 153, 153, 153, 153, 153, 153, 153, 153, 153, 153, 153, 153, 153]
1;jfluid-1.7.0 82C.odem;82;[1.0,0.0,0.5,0.5,];[7, 5, 6, 6];100.0;506;506;150041 ; [7, 7, 7, 7, 81, 81, 81, 7, 81, 81, 81, 81, 81, 81, 81, 81, 81, 81, 81, 81, 81, 81, 81, 81, 81, 81, 81, 81, 81, 81, 81, 81, 81, 81, 81, 81, 81, 81, 81, 81, 81, 81, 81, 81, 81, 81, 81, 81, 81, 81, 81, 81, 81, 74, 81, 74, 81, 74, 81, 81, 81, 74, 81, 81, 81, 81, 81, 74, 81, 81, 81, 74, 81, 74, 74, 81, 81, 81, 81, 81, 81, 81]
7;udt-java 56C.odem;56;[-0.5,0.0,-1.5,-1.0,];[4, 5, 2, 3];100.0;767;767;77158 ; [18, 24, 46, 55, 29, 53, 47, 18, 46, 46, 18, 29, 18, 53, 16, 30, 16, 24, 18, 20, 20, 27, 23, 23, 24, 55, 26, 27, 30, 29, 30, 34, 36, 53, 34, 53, 36, 53, 38, 46, 52, 42, 42, 48, 48, 52, 46, 47, 48, 54, 53, 54, 52, 53, 54, 55]
3;jscatterplot 74C.odem;74;[1.5,-2.5,2.5,1.0,];[8, 0, 10, 7];100.0;515;515;126115 ; [73, 73, 73, 73, 73, 73, 73, 73, 73, 73, 73, 73, 73, 73, 73, 73, 73, 73, 73, 22, 73, 73, 22, 73, 73, 73, 73, 73, 73, 73, 73, 73, 73, 73, 73, 73, 73, 73, 73, 73, 73, 73, 73, 73, 73, 73, 73, 73, 73, 73, 73, 73, 73, 73, 73, 73, 72, 72, 72, 72, 72, 72, 72, 72, 72, 73, 73, 73, 73, 73, 73, 73, 72, 73]
4;jscatterplot 74C.odem;74;[1.0,-2.0,2.5,1.0,];[7, 1, 10, 7];100.0;545;545;125366 ; [73, 73, 73, 73, 73, 73, 73, 73, 73, 73, 73, 73, 73, 73, 73, 73, 73, 73, 73, 22, 73, 73, 22, 73, 73, 73, 73, 73, 73, 73, 73, 73, 73, 73, 73, 73, 73, 73, 73, 73, 73, 73, 73, 73, 73, 73, 73, 73, 73, 73, 73, 73, 73, 73, 73, 73, 72, 72, 72, 72, 72, 72, 72, 72, 72, 73, 73, 73, 73, 73, 73, 73, 72, 73]
6;javaocr 59C.odem;59;[0.5,0.0,1.0,0.5,];[6, 5, 7, 6];100.0;861;861;98450 ; [17, 57, 57, 57, 57, 17, 17, 17, 17, 57, 13, 13, 13, 13, 16, 16, 16, 17, 57, 57, 26, 57, 24, 24, 24, 26, 26, 30, 30, 30, 30, 37, 37, 37, 37, 37, 37, 37, 47, 54, 54, 54, 57, 57, 58, 57, 58, 47, 57, 54, 54, 54, 54, 54, 54, 57, 57, 57, 58]
6;jscatterplot 74C.odem;74;[0.5,-2.0,2.5,1.0,];[6, 1, 10, 7];100.0;355;355;84216 ; [73, 73, 73, 73, 73, 73, 73, 73, 73, 73, 73, 73, 73, 73, 73, 73, 73, 73, 73, 22, 73, 73, 22, 73, 73, 73, 73, 73, 73, 73, 73, 73, 73, 73, 73, 73, 73, 73, 73, 73, 73, 73, 73, 73, 73, 73, 73, 73, 73, 73, 73, 73, 73, 73, 73, 73, 72, 72, 72, 72, 72, 72, 72, 72, 72, 73, 73, 73, 73, 73, 73, 73, 72, 73]
7;jscatterplot 74C.odem;74;[0.5,-1.0,2.5,1.0,];[6, 3, 10, 7];100.0;108;108;23269 ; [73, 73, 73, 73, 73, 73, 73, 73, 73, 73, 73, 73, 73, 73, 73, 73, 73, 73, 73, 22, 73, 73, 22, 73, 73, 73, 73, 73, 73, 73, 73, 73, 73, 73, 73, 73, 73, 73, 73, 73, 73, 73, 73, 73, 73, 73, 73, 73, 73, 73, 73, 73, 73, 73, 73, 73, 72, 72, 72, 72, 72, 72, 72, 72, 72, 73, 73, 73, 73, 73, 73, 73, 72, 73]
2;jfluid-1.7.0 82C.odem;82;[2.0,0.5,2.5,2.0,];[9, 6, 10, 9];100.0;688;688;195494 ; [7, 7, 7, 7, 81, 81, 81, 7, 81, 81, 81, 81, 81, 81, 81, 81, 81, 81, 81, 81, 81, 81, 81, 81, 81, 81, 81, 81, 81, 81, 81, 81, 81, 81, 81, 81, 81, 81, 81, 81, 81, 81, 81, 81, 81, 81, 81, 81, 81, 81, 81, 81, 81, 74, 81, 74, 81, 74, 81, 81, 81, 74, 81, 81, 81, 81, 81, 74, 81, 81, 81, 74, 81, 74, 74, 81, 81, 81, 81, 81, 81, 81]
4;jfluid-1.7.0 82C.odem;82;[1.5,0.5,0.5,0.5,];[8, 6, 6, 6];100.0;185;185;53606 ; [7, 7, 7, 7, 81, 81, 81, 7, 81, 81, 81, 81, 81, 81, 81, 81, 81, 81, 81, 81, 81, 81, 81, 81, 81, 81, 81, 81, 81, 81, 81, 81, 81, 81, 81, 81, 81, 81, 81, 81, 81, 81, 81, 81, 81, 81, 81, 81, 81, 81, 81, 81, 81, 74, 81, 74, 81, 74, 81, 81, 81, 74, 81, 81, 81, 81, 81, 74, 81, 81, 81, 74, 81, 74, 74, 81, 81, 81, 81, 81, 81, 81]
3;javaocr 59C.odem;59;[-2.5,0.0,-2.5,-1.5,];[0, 5, 0, 2];100.0;1594;1594;195977 ; [17, 57, 57, 57, 57, 17, 17, 17, 17, 57, 13, 13, 13, 13, 16, 16, 16, 17, 57, 57, 26, 57, 24, 24, 24, 26, 26, 30, 30, 30, 30, 37, 37, 37, 37, 37, 37, 37, 47, 54, 54, 54, 57, 57, 58, 57, 58, 47, 57, 54, 54, 54, 54, 54, 54, 57, 57, 57, 58]
9;javaocr 59C.odem;59;[2.0,0.0,2.0,1.0,];[9, 5, 9, 7];100.0;438;438;48342 ; [17, 57, 57, 57, 57, 17, 17, 17, 17, 57, 13, 13, 13, 13, 16, 16, 16, 17, 57, 57, 26, 57, 24, 24, 24, 26, 26, 30, 30, 30, 30, 37, 37, 37, 37, 37, 37, 37, 47, 54, 54, 54, 57, 57, 58, 57, 58, 47, 57, 54, 54, 54, 54, 54, 54, 57, 57, 57, 58]
3;jfluid-1.7.0 82C.odem;82;[-2.0,-0.5,-2.0,-1.5,];[1, 4, 1, 2];100.0;231;231;69647 ; [7, 7, 7, 7, 81, 81, 81, 7, 81, 81, 81, 81, 81, 81, 81, 81, 81, 81, 81, 81, 81, 81, 81, 81, 81, 81, 81, 81, 81, 81, 81, 81, 81, 81, 81, 81, 81, 81, 81, 81, 81, 81, 81, 81, 81, 81, 81, 81, 81, 81, 81, 81, 81, 74, 81, 74, 81, 74, 81, 81, 81, 74, 81, 81, 81, 81, 81, 74, 81, 81, 81, 74, 81, 74, 74, 81, 81, 81, 81, 81, 81, 81]
7;jfluid-1.7.0 82C.odem;82;[1.5,0.0,1.0,0.5,];[8, 5, 7, 6];100.0;16;16;4868 ; [7, 7, 7, 7, 81, 81, 81, 7, 81, 81, 81, 81, 81, 81, 81, 81, 81, 81, 81, 81, 81, 81, 81, 81, 81, 81, 81, 81, 81, 81, 81, 81, 81, 81, 81, 81, 81, 81, 81, 81, 81, 81, 81, 81, 81, 81, 81, 81, 81, 81, 81, 81, 81, 74, 81, 74, 81, 74, 81, 81, 81, 74, 81, 81, 81, 81, 81, 74, 81, 81, 81, 74, 81, 74, 74, 81, 81, 81, 81, 81, 81, 81]
8;jscatterplot 74C.odem;74;[1.0,-2.5,2.5,1.0,];[7, 0, 10, 7];100.0;342;342;73688 ; [73, 73, 73, 73, 73, 73, 73, 73, 73, 73, 73, 73, 73, 73, 73, 73, 73, 73, 73, 22, 73, 73, 22, 73, 73, 73, 73, 73, 73, 73, 73, 73, 73, 73, 73, 73, 73, 73, 73, 73, 73, 73, 73, 73, 73, 73, 73, 73, 73, 73, 73, 73, 73, 73, 73, 73, 72, 72, 72, 72, 72, 72, 72, 72, 72, 73, 73, 73, 73, 73, 73, 73, 72, 73]
8;javaocr 59C.odem;59;[0.5,0.0,2.0,1.0,];[6, 5, 9, 7];100.0;1055;1055;119193 ; [17, 57, 57, 57, 57, 17, 17, 17, 17, 57, 13, 13, 13, 13, 16, 16, 16, 17, 57, 57, 26, 57, 24, 24, 24, 26, 26, 30, 30, 30, 30, 37, 37, 37, 37, 37, 37, 37, 47, 54, 54, 54, 57, 57, 58, 57, 58, 47, 57, 54, 54, 54, 54, 54, 54, 57, 57, 57, 58]
1;udt-java 56C.odem;56;[-1.5,0.0,0.0,-1.0,-0.5,-0.5,];[2, 5, 5, 3, 4, 4];96.0;2501;284;255316 ; [48, 48, 26, 53, 55, 35, 55, 48, 37, 12, 12, 29, 12, 37, 26, 30, 45, 55, 48, 20, 20, 45, 23, 23, 55, 25, 26, 45, 30, 29, 30, 48, 36, 35, 48, 35, 36, 37, 53, 55, 52, 48, 48, 48, 48, 45, 48, 48, 48, 54, 52, 54, 52, 53, 54, 55]
1;udt-java 56C.odem;56;[0.5,2.5,0.5,2.5,-1.0,2.5,1.0,2.5,];[6, 10, 6, 10, 3, 10, 7, 10];74.0;2504;340;257908 ; [16, 16, 33, 8, 16, 27, 22, 16, 8, 22, 22, 29, 27, 13, 14, 15, 16, 17, 33, 19, 20, 27, 22, 23, 24, 25, 27, 27, 28, 29, 30, 31, 32, 33, 34, 35, 36, 37, 38, 39, 40, 54, 54, 54, 44, 45, 46, 47, 48, 49, 50, 54, 52, 53, 54, 55]
0;udt-java 56C.odem;56;[1.5,0.5,-0.5,0.5,-0.5,2.0,0.5,2.0,];[8, 6, 4, 6, 4, 9, 6, 9];72.0;2510;1209;257980 ; [49, 11, 53, 3, 4, 5, 53, 53, 53, 53, 53, 11, 53, 13, 53, 53, 16, 17, 18, 19, 20, 53, 53, 23, 24, 25, 26, 27, 28, 29, 49, 31, 32, 33, 34, 35, 36, 37, 49, 53, 40, 41, 53, 53, 44, 45, 53, 47, 53, 49, 50, 51, 52, 53, 54, 55]
0;udt-java 56C.odem;56;[1.5,2.5,-0.5,-2.5,-1.0,0.0,];[8, 10, 4, 0, 3, 5];94.0;2511;1956;263053 ; [7, 54, 23, 3, 4, 5, 6, 7, 40, 45, 10, 29, 12, 13, 40, 38, 16, 17, 18, 19, 23, 27, 23, 23, 24, 29, 27, 27, 40, 29, 54, 34, 36, 33, 34, 35, 36, 37, 38, 54, 40, 54, 54, 54, 44, 45, 46, 47, 54, 54, 50, 54, 52, 53, 54, 55]
2;udt-java 56C.odem;56;[-1.5,1.0,2.5,0.0,-1.0,-0.5,-1.5,0.0,];[2, 7, 10, 5, 3, 4, 2, 5];90.0;2508;348;263235 ; [24, 24, 55, 3, 4, 55, 6, 7, 8, 9, 10, 55, 12, 13, 14, 23, 55, 17, 18, 19, 23, 21, 22, 23, 24, 25, 26, 27, 28, 29, 30, 31, 32, 33, 34, 35, 36, 55, 38, 39, 40, 41, 42, 43, 44, 45, 46, 47, 55, 55, 55, 51, 52, 55, 54, 55]
2;udt-java 56C.odem;56;[0.5,-2.5,-1.0,2.5,1.0,1.0,];[6, 0, 3, 10, 7, 7];94.0;2509;2174;268201 ; [46, 46, 46, 52, 46, 52, 46, 46, 46, 46, 52, 52, 52, 52, 52, 52, 52, 52, 52, 52, 52, 52, 52, 52, 24, 25, 26, 27, 46, 52, 30, 31, 32, 33, 34, 35, 36, 52, 38, 46, 46, 52, 42, 52, 44, 45, 46, 47, 48, 49, 50, 51, 52, 53, 54, 55]
2;tinytim 134C.odem;134;[2.5,0.0,1.0,0.5,];[10, 5, 7, 6];100.0;216;216;276786 ; [81, 81, 73, 81, 81, 71, 81, 64, 64, 64, 64, 66, 65, 64, 66, 64, 65, 64, 67, 62, 67, 73, 62, 76, 77, 95, 80, 123, 70, 70, 70, 83, 82, 132, 132, 132, 132, 132, 132, 68, 69, 87, 72, 87, 87, 87, 87, 121, 121, 78, 121, 121, 121, 61, 61, 60, 61, 61, 61, 60, 60, 61, 62, 79, 64, 65, 66, 67, 68, 69, 70, 71, 72, 73, 132, 82, 76, 77, 78, 79, 80, 81, 82, 83, 93, 86, 86, 87, 94, 91, 91, 91, 94, 93, 94, 95, 120, 120, 120, 120, 107, 120, 120, 120, 120, 106, 106, 107, 120, 120, 111, 111, 113, 113, 120, 120, 120, 118, 118, 120, 120, 121, 122, 123, 130, 126, 126, 133, 128, 131, 130, 131, 132, 133]
8;jfluid-1.7.0 82C.odem;82;[-1.5,0.0,-1.5,-1.0,];[2, 5, 2, 3];100.0;235;235;69731 ; [7, 7, 7, 7, 81, 81, 81, 7, 81, 81, 81, 81, 81, 81, 81, 81, 81, 81, 81, 81, 81, 81, 81, 81, 81, 81, 81, 81, 81, 81, 81, 81, 81, 81, 81, 81, 81, 81, 81, 81, 81, 81, 81, 81, 81, 81, 81, 81, 81, 81, 81, 81, 81, 74, 81, 74, 81, 74, 81, 81, 81, 74, 81, 81, 81, 81, 81, 74, 81, 81, 81, 74, 81, 74, 74, 81, 81, 81, 81, 81, 81, 81]
6;jfluid-1.7.0 82C.odem;82;[-2.0,0.0,-2.0,-1.5,];[1, 5, 1, 2];100.0;296;296;85190 ; [7, 7, 7, 7, 81, 81, 81, 7, 81, 81, 81, 81, 81, 81, 81, 81, 81, 81, 81, 81, 81, 81, 81, 81, 81, 81, 81, 81, 81, 81, 81, 81, 81, 81, 81, 81, 81, 81, 81, 81, 81, 81, 81, 81, 81, 81, 81, 81, 81, 81, 81, 81, 81, 74, 81, 74, 81, 74, 81, 81, 81, 74, 81, 81, 81, 81, 81, 74, 81, 81, 81, 74, 81, 74, 74, 81, 81, 81, 81, 81, 81, 81]
1;javaocr 59C.odem;59;[2.0,0.5,1.0,-2.0,1.5,2.5,-0.5,-0.5,];[9, 6, 7, 1, 8, 10, 4, 4];86.27;2510;1497;283969 ; [0, 1, 2, 58, 58, 5, 6, 7, 58, 58, 13, 13, 13, 13, 16, 16, 16, 17, 18, 19, 58, 58, 58, 23, 58, 25, 58, 30, 30, 30, 30, 58, 58, 58, 58, 35, 36, 58, 58, 55, 55, 55, 58, 58, 44, 58, 46, 47, 58, 55, 55, 55, 55, 55, 55, 55, 56, 58, 58]
0;javaocr 59C.odem;59;[-2.5,1.0,-0.5,1.0,-1.5,-1.0,0.0,-1.0,];[0, 7, 4, 7, 2, 3, 5, 3];90.2;2509;2261;289202 ; [18, 18, 18, 18, 31, 47, 47, 47, 47, 31, 58, 58, 58, 58, 58, 15, 31, 17, 18, 31, 31, 31, 24, 23, 24, 25, 31, 27, 28, 29, 30, 31, 47, 47, 34, 35, 36, 37, 47, 39, 40, 41, 57, 47, 58, 58, 58, 47, 58, 54, 50, 51, 52, 53, 54, 58, 58, 57, 58]
0;servletapi-2.3 63C.odem;63;[2.0,0.0,2.0,1.0,];[9, 5, 9, 7];100.0;2106;2106;296877 ; [17, 17, 12, 12, 15, 12, 12, 12, 13, 13, 13, 12, 12, 13, 14, 15, 16, 17, 18, 19, 20, 21, 37, 32, 32, 37, 37, 32, 33, 30, 30, 31, 32, 33, 34, 35, 36, 37, 42, 39, 40, 46, 42, 43, 44, 46, 46, 51, 58, 51, 50, 51, 52, 53, 62, 59, 59, 61, 58, 59, 60, 61, 62]
1;javaocr 59C.odem;59;[2.5,-0.5,0.5,1.0,1.0,2.5,];[10, 4, 6, 7, 7, 10];98.04;2505;1698;294625 ; [49, 49, 49, 49, 49, 49, 8, 8, 8, 49, 13, 13, 13, 13, 16, 16, 16, 49, 49, 49, 26, 49, 24, 24, 24, 26, 26, 30, 30, 30, 30, 37, 37, 37, 37, 37, 37, 37, 47, 54, 54, 54, 57, 57, 58, 57, 58, 47, 57, 49, 54, 54, 54, 54, 54, 57, 57, 57, 58]
2;javaocr 59C.odem;59;[-2.5,0.5,0.0,-1.5,-1.5,-1.0,];[0, 6, 5, 2, 2, 3];96.08;2508;2508;304787 ; [5, 57, 57, 57, 57, 5, 8, 8, 8, 57, 13, 13, 13, 13, 16, 16, 16, 17, 57, 57, 26, 57, 24, 24, 24, 26, 26, 30, 30, 30, 30, 37, 37, 37, 37, 37, 37, 37, 47, 54, 54, 54, 57, 57, 58, 57, 58, 47, 57, 54, 54, 54, 54, 54, 54, 57, 57, 57, 58]
2;javaocr 59C.odem;59;[-0.5,-1.5,2.0,-2.0,-0.5,1.0,0.5,1.0,];[4, 2, 9, 1, 4, 7, 6, 7];78.43;2514;230;302439 ; [0, 58, 58, 58, 58, 8, 8, 8, 8, 58, 13, 13, 13, 13, 16, 16, 16, 18, 18, 19, 24, 58, 24, 24, 24, 26, 26, 30, 30, 30, 30, 47, 47, 47, 47, 47, 47, 47, 47, 58, 58, 58, 58, 58, 58, 58, 58, 47, 58, 58, 58, 58, 58, 58, 58, 58, 58, 58, 58]
2;forms-1.3.0 68C.odem;68;[1.0,0.0,0.0,2.5,2.5,1.0,];[7, 5, 5, 10, 10, 7];100.0;1861;1861;311035 ; [67, 67, 67, 67, 67, 67, 67, 67, 67, 67, 67, 66, 66, 66, 16, 16, 16, 67, 67, 67, 26, 26, 26, 26, 26, 26, 26, 67, 67, 67, 67, 67, 67, 67, 67, 67, 67, 67, 67, 67, 67, 67, 67, 67, 67, 67, 67, 67, 67, 67, 67, 67, 67, 67, 67, 67, 67, 67, 67, 65, 65, 65, 67, 67, 67, 65, 66, 67]
9;jscatterplot 74C.odem;74;[1.5,-0.5,2.5,1.0,];[8, 4, 10, 7];100.0;671;671;156202 ; [73, 73, 73, 73, 73, 73, 73, 73, 73, 73, 73, 73, 73, 73, 73, 73, 73, 73, 73, 22, 73, 73, 22, 73, 73, 73, 73, 73, 73, 73, 73, 73, 73, 73, 73, 73, 73, 73, 73, 73, 73, 73, 73, 73, 73, 73, 73, 73, 73, 73, 73, 73, 73, 73, 73, 73, 72, 72, 72, 72, 72, 72, 72, 72, 72, 73, 73, 73, 73, 73, 73, 73, 72, 73]
3;javaocr 59C.odem;59;[0.5,-1.0,-1.5,1.0,0.5,1.0,];[6, 3, 2, 7, 6, 7];94.12;2508;1399;288036 ; [58, 58, 58, 58, 58, 58, 58, 58, 30, 58, 58, 58, 58, 58, 16, 58, 16, 58, 58, 58, 58, 58, 57, 58, 58, 26, 26, 30, 30, 58, 30, 58, 57, 57, 57, 57, 57, 58, 57, 58, 58, 57, 58, 58, 57, 58, 57, 57, 58, 57, 58, 57, 57, 57, 57, 57, 57, 57, 58]
2;jscatterplot 74C.odem;74;[-1.0,0.5,1.0,-1.0,-0.5,-1.5,];[3, 6, 7, 3, 4, 2];100.0;1439;1439;331632 ; [73, 73, 73, 73, 73, 73, 73, 73, 73, 73, 73, 73, 73, 73, 73, 73, 73, 73, 73, 22, 73, 73, 22, 73, 73, 73, 73, 73, 73, 73, 73, 73, 73, 73, 73, 73, 73, 73, 73, 73, 73, 73, 73, 73, 73, 73, 73, 73, 73, 73, 73, 73, 73, 73, 73, 73, 72, 72, 72, 72, 72, 72, 72, 72, 72, 73, 73, 73, 73, 73, 73, 73, 72, 73]
2;servletapi-2.3 63C.odem;63;[1.5,-0.5,0.5,2.0,1.0,-0.5,];[8, 4, 6, 9, 7, 4];93.1;2504;1759;334331 ; [0, 1, 2, 3, 4, 5, 6, 7, 8, 9, 10, 11, 12, 13, 14, 15, 16, 17, 18, 19, 20, 21, 22, 23, 24, 25, 26, 27, 33, 29, 30, 31, 32, 33, 34, 35, 36, 37, 38, 39, 40, 41, 42, 43, 44, 45, 46, 47, 48, 49, 50, 51, 52, 53, 54, 55, 56, 57, 58, 59, 60, 61, 62]
2;servletapi-2.3 63C.odem;63;[0.0,1.0,-2.0,-1.0,1.0,-1.0,-1.5,-1.0,];[5, 7, 1, 3, 7, 3, 2, 3];77.59;2513;1773;347357 ; [0, 1, 2, 3, 4, 5, 6, 7, 11, 9, 11, 11, 12, 13, 14, 15, 16, 17, 18, 19, 20, 21, 22, 23, 24, 25, 26, 27, 33, 29, 33, 31, 32, 33, 34, 35, 36, 37, 42, 39, 40, 41, 42, 43, 44, 45, 46, 47, 58, 49, 57, 51, 52, 53, 54, 55, 56, 57, 58, 59, 60, 61, 62]
0;servletapi-2.3 63C.odem;63;[1.0,0.0,0.0,2.0,1.0,2.0,];[7, 5, 5, 9, 7, 9];87.93;2510;2168;353788 ; [55, 25, 25, 55, 55, 25, 26, 25, 25, 9, 25, 11, 26, 16, 25, 25, 16, 26, 25, 19, 26, 26, 25, 26, 55, 25, 26, 46, 33, 46, 46, 46, 55, 33, 34, 35, 36, 55, 55, 39, 43, 55, 55, 43, 44, 55, 46, 55, 55, 55, 50, 59, 52, 53, 59, 55, 59, 61, 58, 59, 60, 61, 62]
0;javacc 154C.odem;154;[2.5,0.0,1.0,0.5,];[10, 5, 7, 6];100.0;193;193;363484 ; [153, 153, 72, 153, 153, 113, 113, 113, 153, 113, 153, 113, 113, 79, 79, 79, 79, 153, 79, 153, 79, 79, 79, 79, 79, 79, 79, 79, 153, 153, 153, 79, 153, 153, 79, 79, 79, 79, 79, 79, 79, 79, 79, 79, 79, 79, 79, 79, 79, 79, 79, 79, 79, 79, 79, 79, 153, 153, 153, 79, 153, 79, 153, 79, 79, 79, 79, 79, 153, 79, 153, 153, 72, 153, 153, 153, 153, 79, 79, 79, 153, 153, 153, 113, 153, 153, 153, 153, 153, 153, 153, 153, 153, 153, 153, 153, 153, 153, 153, 153, 113, 153, 113, 153, 153, 153, 153, 153, 153, 153, 153, 153, 113, 113, 153, 153, 153, 120, 120, 120, 120, 153, 153, 153, 153, 153, 153, 153, 153, 153, 153, 153, 153, 153, 153, 153, 153, 153, 153, 153, 153, 153, 153, 153, 153, 153, 153, 153, 153, 153, 153, 153, 153, 153]
1;servletapi-2.3 63C.odem;63;[-1.5,0.0,0.0,-2.0,-1.0,0.0,];[2, 5, 5, 1, 3, 5];94.83;2509;1228;357305 ; [0, 1, 2, 3, 4, 5, 6, 7, 10, 10, 10, 11, 12, 13, 14, 15, 16, 17, 18, 19, 20, 21, 22, 23, 24, 25, 26, 27, 28, 29, 30, 31, 32, 33, 34, 35, 36, 37, 42, 39, 40, 41, 42, 43, 44, 45, 46, 47, 58, 49, 50, 51, 52, 53, 54, 55, 56, 61, 58, 59, 60, 61, 62]
0;servletapi-2.3 63C.odem;63;[-1.5,2.0,-0.5,1.5,-2.5,-1.5,1.0,-1.0,];[2, 9, 4, 8, 0, 2, 7, 3];86.21;2509;626;357168 ; [0, 1, 2, 3, 4, 5, 6, 7, 11, 9, 11, 11, 12, 13, 14, 15, 16, 17, 18, 19, 20, 21, 22, 23, 24, 25, 26, 27, 36, 51, 51, 51, 32, 36, 36, 35, 36, 37, 42, 39, 40, 45, 42, 43, 51, 45, 46, 51, 51, 51, 50, 51, 52, 53, 54, 55, 56, 57, 58, 59, 60, 61, 62]
1;servletapi-2.3 63C.odem;63;[-0.5,1.0,-0.5,2.5,-1.5,-0.5,0.5,-2.0,];[4, 7, 4, 10, 2, 4, 6, 1];86.21;2501;1933;360412 ; [60, 50, 60, 7, 12, 15, 7, 7, 10, 10, 10, 39, 12, 39, 20, 15, 20, 53, 20, 60, 20, 31, 53, 31, 32, 39, 31, 32, 33, 30, 30, 31, 32, 33, 39, 39, 39, 53, 42, 39, 44, 46, 42, 44, 44, 46, 46, 51, 58, 51, 50, 51, 53, 53, 62, 62, 62, 61, 58, 62, 60, 61, 62]
5;servletapi-2.3 63C.odem;63;[2.0,0.0,1.0,0.5,];[9, 5, 7, 6];100.0;656;656;93568 ; [17, 17, 12, 12, 15, 12, 12, 12, 13, 13, 13, 12, 12, 13, 14, 15, 16, 17, 18, 19, 20, 21, 37, 32, 32, 37, 37, 32, 33, 30, 30, 31, 32, 33, 34, 35, 36, 37, 42, 39, 40, 46, 42, 43, 44, 46, 46, 51, 58, 51, 50, 51, 52, 53, 62, 59, 59, 61, 58, 59, 60, 61, 62]
3;servletapi-2.3 63C.odem;63;[2.5,0.0,2.0,1.0,];[10, 5, 9, 7];100.0;2178;2178;300756 ; [17, 17, 12, 12, 15, 12, 12, 12, 13, 13, 13, 12, 12, 13, 14, 15, 16, 17, 18, 19, 20, 21, 37, 32, 32, 37, 37, 32, 33, 30, 30, 31, 32, 33, 34, 35, 36, 37, 42, 39, 40, 46, 42, 43, 44, 46, 46, 51, 58, 51, 50, 51, 52, 53, 62, 59, 59, 61, 58, 59, 60, 61, 62]
1;xmldom 119C.odem;119;[2.0,0.0,1.0,0.5,];[9, 5, 7, 6];100.0;484;484;413193 ; [16, 15, 18, 16, 16, 17, 14, 19, 16, 19, 15, 14, 14, 19, 14, 15, 16, 17, 18, 19, 20, 31, 33, 110, 28, 33, 39, 31, 28, 33, 31, 31, 32, 33, 34, 112, 36, 37, 39, 39, 118, 45, 45, 43, 45, 45, 48, 47, 48, 63, 63, 63, 63, 63, 63, 63, 63, 66, 58, 63, 63, 63, 63, 63, 66, 65, 66, 67, 68, 69, 70, 71, 72, 73, 74, 75, 76, 77, 78, 79, 80, 81, 82, 83, 84, 85, 86, 87, 88, 89, 90, 91, 92, 93, 94, 95, 96, 97, 98, 101, 100, 101, 102, 103, 104, 107, 107, 107, 112, 111, 110, 111, 112, 116, 116, 116, 116, 118, 118]
2;xmldom 119C.odem;119;[1.5,0.0,1.0,0.5,];[8, 5, 7, 6];100.0;531;531;414518 ; [16, 15, 18, 16, 16, 17, 14, 19, 16, 19, 15, 14, 14, 19, 14, 15, 16, 17, 18, 19, 20, 31, 33, 110, 28, 33, 39, 31, 28, 33, 31, 31, 32, 33, 34, 112, 36, 37, 39, 39, 118, 45, 45, 43, 45, 45, 48, 47, 48, 63, 63, 63, 63, 63, 63, 63, 63, 66, 58, 63, 63, 63, 63, 63, 66, 65, 66, 67, 68, 69, 70, 71, 72, 73, 74, 75, 76, 77, 78, 79, 80, 81, 82, 83, 84, 85, 86, 87, 88, 89, 90, 91, 92, 93, 94, 95, 96, 97, 98, 101, 100, 101, 102, 103, 104, 107, 107, 107, 112, 111, 110, 111, 112, 116, 116, 116, 116, 118, 118]
1;forms-1.3.0 68C.odem;68;[2.0,0.0,-0.5,0.5,2.5,-1.0,];[9, 5, 4, 6, 10, 3];95.24;2502;38;424176 ; [63, 63, 63, 63, 63, 63, 63, 63, 63, 63, 63, 63, 63, 67, 67, 67, 63, 67, 63, 63, 67, 67, 63, 67, 63, 67, 63, 63, 63, 63, 63, 63, 63, 67, 67, 63, 63, 63, 63, 63, 63, 63, 63, 63, 63, 67, 63, 63, 63, 67, 67, 63, 63, 63, 63, 67, 63, 63, 63, 63, 67, 63, 67, 63, 67, 67, 66, 67]
0;JMetal 190C.odem;190;[1.5,0.0,1.0,0.5,];[8, 5, 7, 6];100.0;127;127;432195 ; [189, 189, 189, 68, 189, 189, 189, 68, 189, 21, 68, 68, 189, 68, 68, 19, 189, 189, 68, 19, 68, 21, 189, 68, 189, 189, 189, 189, 189, 189, 189, 189, 189, 189, 189, 189, 68, 189, 189, 189, 189, 189, 189, 189, 189, 189, 189, 189, 189, 189, 189, 189, 189, 189, 189, 68, 189, 189, 189, 189, 189, 189, 189, 189, 189, 189, 189, 189, 68, 189, 189, 189, 189, 189, 99, 189, 189, 189, 189, 189, 189, 189, 189, 189, 189, 189, 189, 189, 189, 189, 189, 189, 189, 189, 189, 189, 99, 189, 99, 99, 189, 189, 189, 189, 189, 189, 189, 189, 189, 189, 189, 189, 189, 189, 189, 189, 189, 189, 189, 189, 189, 189, 189, 189, 189, 189, 189, 189, 189, 189, 189, 189, 189, 189, 142, 189, 142, 189, 142, 189, 142, 142, 142, 189, 189, 189, 189, 189, 189, 189, 189, 189, 189, 189, 158, 189, 189, 158, 158, 189, 189, 189, 189, 189, 189, 189, 189, 189, 189, 189, 189, 189, 189, 189, 189, 189, 189, 189, 189, 189, 189, 189, 189, 189, 189, 189, 189, 189, 189, 189]
1;forms-1.3.0 68C.odem;68;[0.0,-2.5,2.5,-0.5,1.0,1.0,-0.5,0.0,];[5, 0, 10, 4, 7, 7, 4, 5];93.65;2505;0;426762 ; [66, 62, 62, 62, 66, 62, 62, 62, 62, 62, 62, 13, 13, 13, 30, 30, 30, 30, 62, 62, 26, 26, 26, 26, 26, 58, 26, 62, 40, 62, 30, 62, 62, 58, 58, 58, 62, 62, 62, 62, 40, 62, 62, 62, 62, 62, 62, 62, 62, 51, 51, 51, 62, 61, 62, 62, 58, 58, 58, 65, 61, 61, 62, 67, 67, 65, 66, 67]
2;forms-1.3.0 68C.odem;68;[0.0,1.0,-1.0,0.0,-2.0,-2.0,0.5,0.0,];[5, 7, 3, 5, 1, 1, 6, 5];92.06;2508;756;432606 ; [66, 66, 66, 66, 66, 66, 66, 66, 66, 39, 66, 13, 13, 13, 16, 16, 16, 66, 66, 66, 66, 66, 66, 66, 66, 66, 66, 66, 66, 66, 66, 66, 66, 66, 66, 66, 66, 66, 66, 39, 66, 66, 66, 66, 66, 66, 66, 66, 66, 66, 66, 66, 66, 66, 66, 66, 66, 66, 66, 65, 66, 66, 66, 67, 67, 65, 66, 67]
2;junit-3.8.1 100C.odem;100;[2.5,0.0,2.0,1.0,];[10, 5, 9, 7];100.0;923;923;458713 ; [48, 48, 48, 74, 74, 74, 74, 74, 74, 74, 74, 74, 74, 74, 74, 74, 74, 74, 74, 74, 74, 99, 99, 98, 98, 98, 99, 74, 74, 74, 74, 74, 74, 98, 74, 74, 45, 99, 74, 74, 45, 42, 42, 74, 74, 45, 74, 74, 48, 51, 51, 51, 60, 55, 55, 55, 99, 99, 99, 74, 60, 99, 99, 99, 99, 99, 99, 99, 99, 99, 99, 99, 74, 99, 74, 99, 99, 99, 99, 99, 99, 99, 99, 99, 99, 93, 93, 93, 93, 93, 93, 93, 93, 93, 97, 97, 97, 97, 98, 99]
