instance;runtime;evaluationsConsumed;bestFitness;Time;bestSolution
0;apache_zip 36C.odem;36;[1.5,-2.5,-0.5,2.5,];[8, 0, 4, 10];100.0;23;23;227 ; [5, 5, 5, 5, 5, 5, 35, 35, 35, 35, 35, 35, 35, 35, 35, 35, 35, 35, 35, 35, 35, 35, 35, 35, 35, 35, 35, 35, 35, 35, 35, 35, 35, 35, 35, 35]
1;apache_zip 36C.odem;36;[-2.0,1.5,-2.5,-1.0,];[1, 8, 0, 3];100.0;29;29;408 ; [5, 5, 5, 5, 5, 5, 35, 35, 35, 35, 35, 35, 35, 35, 35, 35, 35, 35, 35, 35, 35, 35, 35, 35, 35, 35, 35, 35, 35, 35, 35, 35, 35, 35, 35, 35]
3;apache_zip 36C.odem;36;[-1.5,2.0,-0.5,-0.5,];[2, 9, 4, 4];100.0;18;18;283 ; [5, 5, 5, 5, 5, 5, 35, 35, 35, 35, 35, 35, 35, 35, 35, 35, 35, 35, 35, 35, 35, 35, 35, 35, 35, 35, 35, 35, 35, 35, 35, 35, 35, 35, 35, 35]
5;apache_zip 36C.odem;36;[-2.5,-0.5,-1.5,-0.5,];[0, 4, 2, 4];100.0;106;106;3261 ; [5, 5, 5, 5, 5, 5, 35, 35, 35, 35, 35, 35, 35, 35, 35, 35, 35, 35, 35, 35, 35, 35, 35, 35, 35, 35, 35, 35, 35, 35, 35, 35, 35, 35, 35, 35]
2;apache_zip 36C.odem;36;[2.0,-2.0,2.5,1.0,];[9, 1, 10, 7];100.0;142;142;4575 ; [5, 5, 5, 5, 5, 5, 35, 35, 35, 35, 35, 35, 35, 35, 35, 35, 35, 35, 35, 35, 35, 35, 35, 35, 35, 35, 35, 35, 35, 35, 35, 35, 35, 35, 35, 35]
7;apache_zip 36C.odem;36;[1.0,-2.0,-1.0,2.0,];[7, 1, 3, 9];100.0;206;206;9874 ; [5, 5, 5, 5, 5, 5, 35, 35, 35, 35, 35, 35, 35, 35, 35, 35, 35, 35, 35, 35, 35, 35, 35, 35, 35, 35, 35, 35, 35, 35, 35, 35, 35, 35, 35, 35]
6;apache_zip 36C.odem;36;[-0.5,0.0,-1.0,-0.5,];[4, 5, 3, 4];100.0;329;329;14720 ; [5, 5, 5, 5, 5, 5, 35, 35, 35, 35, 35, 35, 35, 35, 35, 35, 35, 35, 35, 35, 35, 35, 35, 35, 35, 35, 35, 35, 35, 35, 35, 35, 35, 35, 35, 35]
8;apache_zip 36C.odem;36;[1.0,-1.5,1.5,2.0,];[7, 2, 8, 9];100.0;128;128;5291 ; [5, 5, 5, 5, 5, 5, 35, 35, 35, 35, 35, 35, 35, 35, 35, 35, 35, 35, 35, 35, 35, 35, 35, 35, 35, 35, 35, 35, 35, 35, 35, 35, 35, 35, 35, 35]
9;apache_zip 36C.odem;36;[1.0,-2.0,-0.5,1.0,];[7, 1, 4, 7];100.0;71;71;2141 ; [5, 5, 5, 5, 5, 5, 35, 35, 35, 35, 35, 35, 35, 35, 35, 35, 35, 35, 35, 35, 35, 35, 35, 35, 35, 35, 35, 35, 35, 35, 35, 35, 35, 35, 35, 35]
1;jstl-1.0.6 18C.odem;18;[1.5,0.0,1.5,1.5,];[8, 5, 8, 8];71.43;5000;77;24318 ; [9, 9, 9, 9, 9, 15, 15, 15, 9, 9, 15, 15, 15, 15, 14, 15, 16, 17]
2;jstl-1.0.6 18C.odem;18;[1.0,0.0,1.0,0.5,];[7, 5, 7, 6];71.43;5005;181;24564 ; [11, 11, 11, 11, 11, 11, 11, 11, 11, 11, 11, 11, 14, 14, 14, 17, 17, 17]
0;jstl-1.0.6 18C.odem;18;[2.5,0.5,1.5,1.5,];[10, 6, 8, 8];71.43;5002;1114;24891 ; [1, 1, 3, 3, 17, 17, 7, 7, 8, 9, 10, 11, 16, 16, 17, 16, 16, 17]
4;apache_zip 36C.odem;36;[-0.5,1.0,-2.5,-2.5,];[4, 7, 0, 0];100.0;723;723;25896 ; [5, 5, 5, 5, 5, 5, 35, 35, 35, 35, 35, 35, 35, 35, 35, 35, 35, 35, 35, 35, 35, 35, 35, 35, 35, 35, 35, 35, 35, 35, 35, 35, 35, 35, 35, 35]
3;jstl-1.0.6 18C.odem;18;[2.0,0.0,0.5,0.5,];[9, 5, 6, 6];71.43;5003;457;10259 ; [13, 13, 13, 16, 13, 13, 16, 13, 13, 16, 13, 13, 14, 13, 14, 17, 16, 17]
4;jstl-1.0.6 18C.odem;18;[1.0,0.0,2.0,1.0,];[7, 5, 9, 7];71.43;5003;556;10229 ; [11, 11, 11, 11, 11, 11, 11, 11, 11, 11, 11, 11, 17, 17, 17, 17, 17, 17]
5;jstl-1.0.6 18C.odem;18;[0.5,0.0,2.0,1.0,];[6, 5, 9, 7];71.43;5003;109;10193 ; [0, 1, 3, 3, 5, 5, 7, 7, 8, 9, 10, 11, 17, 17, 17, 17, 17, 17]
0;jnanoxml 25C.odem;25;[1.5,-2.0,-0.5,-2.0,];[8, 1, 4, 1];95.83;5009;37;40426 ; [23, 23, 3, 3, 23, 23, 23, 23, 23, 23, 23, 23, 23, 23, 23, 23, 16, 23, 23, 23, 23, 23, 23, 23, 24]
1;jnanoxml 25C.odem;25;[0.5,-0.5,2.0,1.0,];[6, 4, 9, 7];95.83;5008;0;41848 ; [23, 23, 23, 23, 23, 23, 23, 23, 23, 23, 23, 23, 23, 23, 23, 23, 23, 23, 23, 23, 23, 24, 23, 23, 24]
2;jnanoxml 25C.odem;25;[2.5,-2.0,1.0,0.5,];[10, 1, 7, 6];95.83;5004;72;42274 ; [22, 24, 22, 24, 24, 24, 22, 22, 22, 22, 24, 24, 22, 24, 24, 24, 24, 22, 24, 22, 22, 24, 22, 24, 24]
7;jstl-1.0.6 18C.odem;18;[2.0,0.5,1.5,1.5,];[9, 6, 8, 8];71.43;5005;30;8847 ; [10, 10, 10, 17, 10, 10, 17, 17, 10, 10, 10, 11, 14, 17, 14, 17, 17, 17]
6;jstl-1.0.6 18C.odem;18;[1.5,0.0,2.0,2.0,];[8, 5, 9, 9];71.43;5005;1811;9636 ; [10, 10, 10, 10, 10, 10, 10, 10, 10, 10, 10, 11, 17, 17, 17, 17, 17, 17]
8;jstl-1.0.6 18C.odem;18;[1.5,0.0,0.5,0.5,];[8, 5, 6, 6];71.43;5006;304;10030 ; [10, 10, 10, 10, 10, 17, 10, 17, 10, 17, 10, 17, 17, 17, 17, 17, 16, 17]
9;jstl-1.0.6 18C.odem;18;[2.5,0.0,1.0,0.5,];[10, 5, 7, 6];71.43;5000;1949;9320 ; [10, 10, 17, 17, 17, 16, 17, 17, 10, 10, 10, 11, 16, 16, 17, 16, 16, 17]
1;seemp 31C.odem;31;[2.0,0.5,0.5,0.5,];[9, 6, 6, 6];55.56;5006;729;54144 ; [30, 30, 30, 30, 30, 30, 30, 30, 30, 9, 30, 30, 30, 30, 14, 29, 29, 17, 29, 29, 29, 29, 29, 29, 29, 29, 30, 30, 29, 29, 30]
2;seemp 31C.odem;31;[1.5,-0.5,-2.5,1.0,];[8, 4, 0, 7];59.26;5001;1537;54554 ; [12, 7, 8, 7, 8, 7, 8, 7, 8, 9, 15, 18, 12, 27, 14, 15, 27, 17, 18, 30, 26, 30, 30, 30, 30, 26, 26, 27, 30, 30, 30]
0;seemp 31C.odem;31;[0.5,0.5,1.5,2.5,];[6, 6, 8, 10];55.56;5001;966;57072 ; [12, 27, 17, 7, 8, 7, 8, 7, 8, 12, 27, 18, 12, 27, 27, 27, 17, 17, 18, 30, 26, 30, 30, 30, 30, 26, 26, 27, 30, 30, 30]
3;jnanoxml 25C.odem;25;[-1.5,-1.5,-0.5,0.0,];[2, 2, 4, 5];95.83;5005;0;22111 ; [23, 23, 3, 3, 23, 23, 23, 23, 23, 23, 23, 23, 14, 14, 14, 23, 16, 23, 23, 23, 23, 23, 23, 23, 24]
4;jnanoxml 25C.odem;25;[1.5,0.0,0.5,2.5,];[8, 5, 6, 10];95.83;5001;44;23136 ; [23, 23, 23, 23, 23, 23, 23, 23, 23, 23, 23, 23, 23, 23, 23, 23, 23, 23, 23, 23, 23, 24, 23, 23, 24]
5;jnanoxml 25C.odem;25;[-1.0,2.5,0.0,1.5,];[3, 10, 5, 8];95.83;5007;34;23546 ; [23, 23, 24, 24, 23, 23, 23, 23, 23, 23, 23, 23, 24, 24, 24, 23, 24, 23, 23, 23, 23, 23, 23, 23, 24]
6;jnanoxml 25C.odem;25;[-2.5,-1.5,-0.5,0.0,];[0, 2, 4, 5];95.83;5005;89;21779 ; [23, 23, 23, 23, 23, 24, 24, 24, 24, 23, 23, 23, 24, 23, 23, 23, 23, 24, 23, 24, 24, 23, 23, 23, 24]
7;jnanoxml 25C.odem;25;[0.5,2.0,0.5,1.0,];[6, 9, 6, 7];95.83;5002;20;23797 ; [23, 23, 23, 23, 23, 24, 24, 24, 24, 23, 23, 23, 24, 23, 23, 23, 23, 24, 23, 24, 24, 23, 23, 23, 24]
8;jnanoxml 25C.odem;25;[2.5,-2.5,2.0,1.0,];[10, 0, 9, 7];95.83;5000;16;23661 ; [23, 23, 23, 23, 23, 23, 23, 23, 23, 23, 23, 23, 23, 23, 23, 23, 23, 23, 23, 23, 23, 21, 23, 23, 24]
4;seemp 31C.odem;31;[2.0,0.5,1.0,1.0,];[9, 6, 7, 7];55.56;5003;317;37116 ; [12, 7, 8, 7, 8, 7, 8, 7, 8, 9, 15, 18, 12, 27, 14, 15, 27, 17, 18, 30, 26, 30, 30, 30, 30, 26, 26, 27, 30, 30, 30]
3;seemp 31C.odem;31;[2.0,1.0,0.5,0.5,];[9, 7, 6, 6];55.56;5002;168;38238 ; [12, 7, 8, 7, 8, 7, 8, 7, 8, 9, 15, 18, 12, 27, 14, 15, 27, 17, 18, 30, 26, 30, 30, 30, 30, 26, 26, 27, 30, 30, 30]
5;seemp 31C.odem;31;[1.5,0.5,1.5,2.0,];[8, 6, 8, 9];55.56;5004;157;40871 ; [30, 30, 30, 30, 30, 30, 30, 30, 30, 14, 30, 30, 30, 30, 14, 30, 30, 17, 30, 30, 30, 30, 30, 30, 30, 30, 30, 30, 30, 30, 30]
9;jnanoxml 25C.odem;25;[2.0,0.5,1.0,1.0,];[9, 6, 7, 7];95.83;5005;37;21749 ; [23, 23, 23, 23, 23, 23, 23, 23, 23, 23, 23, 23, 23, 23, 23, 23, 23, 23, 23, 23, 23, 24, 23, 23, 24]
0;notepad-model 46C.odem;46;[-2.5,1.0,-2.5,-1.0,];[0, 7, 0, 3];60.0;5000;0;110392 ; [44, 44, 44, 44, 44, 44, 44, 44, 44, 44, 44, 44, 44, 44, 44, 44, 44, 44, 44, 44, 44, 44, 44, 44, 44, 44, 44, 44, 44, 44, 44, 44, 44, 44, 44, 44, 44, 44, 44, 44, 44, 44, 44, 44, 44, 45]
2;notepad-model 46C.odem;46;[1.5,0.5,1.0,2.5,];[8, 6, 7, 10];60.0;5008;0;117531 ; [44, 44, 44, 44, 44, 44, 44, 44, 44, 44, 44, 44, 44, 44, 44, 44, 44, 44, 44, 44, 44, 44, 44, 44, 44, 44, 44, 44, 44, 44, 44, 44, 44, 44, 44, 44, 44, 44, 44, 44, 44, 44, 44, 44, 44, 45]
1;notepad-model 46C.odem;46;[2.5,0.0,2.0,-1.0,];[10, 5, 9, 3];60.0;5008;0;119400 ; [44, 44, 44, 44, 44, 44, 44, 44, 44, 44, 44, 44, 44, 44, 44, 44, 44, 44, 44, 44, 44, 44, 44, 44, 44, 44, 44, 44, 44, 44, 44, 44, 44, 44, 44, 44, 44, 44, 44, 44, 44, 44, 44, 44, 44, 45]
6;seemp 31C.odem;31;[1.5,-0.5,-2.5,1.0,];[8, 4, 0, 7];59.26;5005;3789;37616 ; [14, 14, 17, 7, 8, 7, 8, 7, 8, 14, 18, 18, 18, 27, 14, 18, 17, 17, 18, 30, 26, 30, 30, 30, 30, 26, 26, 27, 30, 29, 30]
7;seemp 31C.odem;31;[1.5,-0.5,-2.5,1.0,];[8, 4, 0, 7];59.26;5000;71;37575 ; [7, 7, 8, 7, 8, 7, 8, 7, 8, 9, 18, 18, 18, 27, 14, 18, 26, 17, 18, 30, 26, 30, 30, 30, 30, 26, 26, 27, 30, 30, 30]
8;seemp 31C.odem;31;[1.5,-0.5,-2.5,1.0,];[8, 4, 0, 7];59.26;5005;677;39158 ; [12, 3, 4, 3, 4, 7, 8, 7, 8, 9, 15, 18, 12, 27, 14, 15, 27, 17, 18, 30, 26, 30, 30, 30, 30, 26, 26, 27, 30, 30, 30]
9;seemp 31C.odem;31;[1.5,-0.5,-2.5,1.0,];[8, 4, 0, 7];59.26;5002;3639;36703 ; [12, 3, 4, 3, 4, 7, 8, 7, 8, 9, 15, 18, 12, 27, 14, 15, 27, 17, 18, 30, 26, 30, 30, 30, 30, 26, 26, 27, 30, 30, 30]
3;notepad-model 46C.odem;46;[-2.0,-2.0,-0.5,-1.5,];[1, 1, 4, 2];60.0;5005;0;94726 ; [44, 44, 44, 44, 44, 44, 44, 44, 44, 44, 44, 44, 44, 44, 44, 44, 44, 44, 44, 44, 44, 44, 44, 44, 44, 44, 44, 44, 44, 44, 44, 44, 44, 44, 44, 44, 44, 44, 44, 44, 44, 44, 44, 44, 44, 45]
1;udt-java 56C.odem;56;[-2.0,1.0,1.0,-0.5,];[1, 7, 7, 4];60.0;5005;343;209825 ; [18, 52, 52, 52, 52, 52, 52, 52, 52, 52, 52, 52, 52, 52, 52, 52, 55, 52, 18, 52, 52, 55, 52, 52, 52, 52, 26, 52, 55, 55, 52, 52, 52, 52, 52, 52, 52, 52, 38, 39, 52, 55, 52, 55, 55, 55, 52, 52, 52, 52, 55, 55, 52, 55, 55, 55]
0;udt-java 56C.odem;56;[2.0,-1.0,-2.0,1.0,];[9, 3, 1, 7];60.0;5002;4624;210258 ; [18, 55, 55, 55, 55, 55, 55, 55, 55, 55, 55, 55, 55, 55, 55, 55, 55, 55, 18, 55, 55, 55, 55, 55, 55, 55, 26, 55, 55, 55, 55, 55, 55, 55, 55, 55, 55, 55, 55, 55, 55, 55, 55, 55, 55, 55, 55, 55, 55, 55, 55, 55, 55, 55, 55, 55]
4;notepad-model 46C.odem;46;[2.5,-0.5,-0.5,-0.5,];[10, 4, 4, 4];60.0;5002;0;100680 ; [44, 44, 44, 44, 44, 44, 44, 44, 44, 44, 44, 44, 44, 44, 44, 44, 44, 44, 44, 44, 44, 44, 44, 44, 44, 44, 44, 44, 44, 44, 44, 44, 44, 44, 44, 44, 44, 44, 44, 44, 44, 44, 44, 44, 44, 45]
5;notepad-model 46C.odem;46;[2.5,0.5,-2.5,-0.5,];[10, 6, 0, 4];60.0;5005;0;100795 ; [44, 44, 44, 44, 44, 44, 44, 44, 44, 44, 44, 44, 44, 44, 44, 44, 44, 44, 44, 44, 44, 44, 44, 44, 44, 44, 44, 44, 44, 44, 44, 44, 44, 44, 44, 44, 44, 44, 44, 44, 44, 44, 44, 44, 44, 45]
2;udt-java 56C.odem;56;[1.0,-0.5,-1.0,0.5,];[7, 4, 3, 6];60.0;5006;444;223813 ; [18, 53, 53, 53, 53, 53, 55, 53, 53, 53, 53, 53, 53, 53, 53, 53, 53, 53, 18, 55, 55, 53, 23, 23, 53, 53, 26, 53, 53, 53, 53, 34, 53, 53, 34, 53, 53, 53, 53, 53, 53, 48, 48, 48, 48, 53, 48, 48, 48, 55, 53, 55, 53, 53, 55, 55]
1;javaocr 59C.odem;59;[0.5,2.5,-1.5,2.5,];[6, 10, 2, 10];68.63;5003;266;239455 ; [49, 49, 49, 49, 49, 49, 8, 8, 8, 49, 13, 13, 13, 13, 16, 16, 16, 49, 49, 49, 26, 49, 24, 24, 24, 26, 26, 30, 30, 30, 30, 37, 37, 37, 37, 37, 37, 37, 47, 54, 54, 54, 56, 56, 58, 57, 58, 47, 56, 49, 54, 54, 54, 54, 54, 56, 56, 57, 58]
0;javaocr 59C.odem;59;[-1.0,-2.5,1.5,-2.5,];[3, 0, 8, 0];68.63;5006;2300;240919 ; [0, 1, 2, 3, 4, 5, 6, 7, 8, 34, 10, 11, 12, 13, 14, 15, 16, 17, 18, 19, 26, 21, 22, 23, 24, 25, 26, 27, 28, 29, 30, 34, 32, 33, 34, 35, 36, 37, 38, 39, 40, 41, 42, 43, 44, 45, 46, 47, 48, 49, 50, 51, 52, 53, 54, 55, 56, 57, 58]
2;javaocr 59C.odem;59;[0.0,-2.5,1.5,-2.5,];[5, 0, 8, 0];68.63;5002;89;254468 ; [0, 36, 36, 46, 36, 5, 46, 36, 33, 46, 36, 33, 46, 35, 36, 46, 33, 17, 46, 35, 36, 33, 35, 46, 36, 46, 35, 36, 46, 46, 33, 35, 36, 33, 34, 35, 36, 46, 46, 46, 46, 46, 46, 46, 46, 45, 46, 47, 48, 49, 50, 51, 52, 53, 54, 55, 56, 57, 58]
2;servletapi-2.3 63C.odem;63;[2.0,-0.5,0.0,1.0,];[9, 4, 5, 7];72.88;5004;3879;277271 ; [44, 52, 52, 52, 52, 44, 52, 52, 52, 44, 52, 52, 44, 52, 52, 44, 52, 52, 44, 52, 52, 44, 44, 44, 44, 44, 52, 44, 44, 46, 44, 44, 44, 44, 52, 44, 52, 52, 60, 52, 52, 61, 60, 46, 44, 46, 46, 58, 58, 52, 60, 61, 52, 61, 62, 59, 59, 61, 58, 59, 60, 61, 62]
1;servletapi-2.3 63C.odem;63;[2.0,-0.5,0.0,2.5,];[9, 4, 5, 10];72.88;5003;615;289524 ; [61, 61, 61, 61, 61, 61, 61, 61, 61, 61, 61, 61, 61, 61, 62, 61, 62, 61, 62, 62, 62, 62, 61, 61, 61, 62, 62, 61, 61, 61, 61, 62, 62, 62, 62, 62, 62, 62, 61, 62, 60, 62, 61, 60, 60, 61, 61, 62, 61, 61, 60, 61, 60, 60, 62, 61, 62, 61, 61, 61, 60, 61, 62]
0;servletapi-2.3 63C.odem;63;[2.0,-0.5,0.0,1.0,];[9, 4, 5, 7];72.88;5001;1745;291966 ; [53, 53, 53, 53, 53, 53, 53, 53, 53, 53, 53, 53, 53, 53, 53, 53, 53, 53, 53, 53, 53, 53, 50, 60, 60, 50, 50, 60, 60, 60, 60, 60, 60, 60, 60, 60, 60, 50, 53, 60, 50, 60, 53, 53, 60, 60, 60, 60, 60, 60, 50, 60, 53, 53, 62, 62, 62, 57, 60, 59, 60, 61, 62]
6;notepad-model 46C.odem;46;[0.0,1.5,-1.5,0.0,];[5, 8, 2, 5];60.0;5003;0;102590 ; [44, 44, 44, 44, 44, 44, 44, 44, 44, 44, 44, 44, 44, 44, 44, 44, 44, 44, 44, 44, 44, 44, 44, 44, 44, 44, 44, 44, 44, 44, 44, 44, 44, 44, 44, 44, 44, 44, 44, 44, 44, 44, 44, 44, 44, 45]
7;notepad-model 46C.odem;46;[0.0,-1.5,1.5,-1.5,];[5, 2, 8, 2];60.0;5002;0;103851 ; [44, 44, 44, 44, 44, 44, 44, 44, 44, 44, 44, 44, 44, 44, 44, 44, 44, 44, 44, 44, 44, 44, 44, 44, 44, 44, 44, 44, 44, 44, 44, 44, 44, 44, 44, 44, 44, 44, 44, 44, 44, 44, 44, 44, 44, 45]
8;notepad-model 46C.odem;46;[0.0,0.5,0.0,2.5,];[5, 6, 5, 10];60.0;5009;0;102193 ; [44, 44, 44, 44, 44, 44, 44, 44, 44, 44, 44, 44, 44, 44, 44, 44, 44, 44, 44, 44, 44, 44, 44, 44, 44, 44, 44, 44, 44, 44, 44, 44, 44, 44, 44, 44, 44, 44, 44, 44, 44, 44, 44, 44, 44, 45]
0;forms-1.3.0 68C.odem;68;[-2.0,2.0,-2.0,-1.0,];[1, 9, 1, 3];65.08;5006;196;361060 ; [62, 62, 62, 62, 62, 62, 62, 62, 62, 45, 62, 67, 67, 67, 30, 30, 30, 30, 62, 62, 26, 26, 26, 62, 62, 26, 26, 62, 45, 62, 30, 62, 62, 62, 62, 62, 45, 45, 45, 45, 45, 45, 45, 45, 45, 45, 62, 62, 62, 62, 62, 62, 62, 62, 62, 62, 62, 62, 62, 65, 65, 65, 62, 67, 67, 65, 66, 67]
1;forms-1.3.0 68C.odem;68;[1.0,-2.0,1.0,0.5,];[7, 1, 7, 6];65.08;5007;309;362504 ; [67, 67, 67, 67, 67, 67, 67, 67, 67, 67, 67, 67, 67, 67, 16, 16, 16, 67, 67, 67, 26, 26, 26, 26, 26, 26, 26, 67, 67, 67, 67, 67, 67, 67, 67, 67, 67, 67, 67, 67, 67, 67, 67, 67, 67, 67, 67, 67, 67, 67, 67, 67, 67, 67, 67, 67, 67, 67, 67, 65, 67, 67, 67, 67, 67, 65, 67, 67]
2;forms-1.3.0 68C.odem;68;[0.5,0.0,2.0,1.5,];[6, 5, 9, 8];65.08;5002;187;372746 ; [67, 67, 67, 67, 67, 67, 67, 67, 67, 67, 67, 66, 66, 66, 16, 16, 16, 67, 67, 67, 26, 26, 26, 26, 26, 26, 26, 67, 67, 67, 67, 67, 67, 67, 67, 67, 67, 67, 67, 67, 67, 67, 67, 67, 67, 67, 67, 67, 67, 67, 67, 67, 67, 67, 67, 67, 67, 67, 67, 65, 65, 65, 67, 67, 67, 65, 66, 67]
9;notepad-model 46C.odem;46;[-2.0,2.5,0.5,0.5,];[1, 10, 6, 6];60.0;5009;0;97080 ; [44, 44, 44, 44, 44, 44, 44, 44, 44, 44, 44, 44, 44, 44, 44, 44, 44, 44, 44, 44, 44, 44, 44, 44, 44, 44, 44, 44, 44, 44, 44, 44, 44, 44, 44, 44, 44, 44, 44, 44, 44, 44, 44, 44, 44, 45]
3;udt-java 56C.odem;56;[-2.0,1.0,2.0,-1.0,];[1, 7, 9, 3];60.0;5008;3836;200554 ; [18, 52, 52, 52, 52, 52, 52, 52, 52, 52, 52, 52, 52, 52, 52, 52, 55, 52, 18, 52, 52, 55, 52, 52, 52, 52, 26, 52, 55, 55, 52, 52, 52, 52, 52, 52, 52, 52, 38, 39, 52, 55, 52, 55, 55, 55, 52, 52, 52, 52, 55, 55, 52, 55, 55, 55]
4;udt-java 56C.odem;56;[-2.0,1.0,2.0,-1.0,];[1, 7, 9, 3];60.0;5004;1670;202679 ; [0, 24, 46, 55, 29, 53, 47, 12, 46, 46, 12, 29, 12, 53, 16, 30, 16, 24, 18, 20, 20, 27, 23, 23, 24, 55, 26, 27, 30, 29, 30, 34, 36, 53, 34, 53, 36, 53, 38, 39, 52, 42, 42, 48, 48, 52, 46, 47, 48, 54, 53, 54, 52, 53, 54, 55]
5;udt-java 56C.odem;56;[1.0,-0.5,-1.0,0.5,];[7, 4, 3, 6];60.0;5008;559;198581 ; [0, 24, 46, 55, 29, 53, 47, 12, 46, 46, 12, 29, 12, 53, 16, 30, 16, 24, 18, 20, 20, 27, 23, 23, 24, 55, 26, 27, 30, 29, 30, 34, 36, 53, 34, 53, 36, 53, 38, 39, 52, 42, 42, 48, 48, 52, 46, 47, 48, 54, 53, 54, 52, 53, 54, 55]
0;jscatterplot 74C.odem;74;[-0.5,-0.5,1.0,2.5,];[4, 4, 7, 10];98.63;5005;18;444500 ; [73, 72, 55, 55, 73, 73, 73, 73, 73, 55, 55, 55, 55, 73, 73, 55, 55, 73, 73, 72, 55, 55, 72, 72, 73, 73, 73, 55, 55, 55, 55, 55, 55, 55, 55, 55, 72, 72, 72, 72, 73, 73, 55, 55, 72, 72, 51, 51, 51, 51, 51, 51, 72, 55, 55, 55, 72, 72, 72, 72, 72, 63, 63, 63, 72, 73, 73, 73, 73, 73, 73, 73, 72, 73]
1;jscatterplot 74C.odem;74;[0.5,1.0,-0.5,-1.5,];[6, 7, 4, 2];98.63;5005;0;448390 ; [23, 23, 73, 73, 73, 73, 73, 73, 73, 73, 73, 73, 66, 73, 73, 73, 73, 73, 23, 23, 66, 73, 23, 23, 73, 73, 66, 73, 73, 73, 66, 73, 73, 73, 66, 73, 73, 73, 73, 73, 66, 73, 73, 73, 73, 73, 66, 73, 73, 73, 66, 73, 66, 73, 73, 73, 73, 73, 73, 73, 73, 66, 73, 73, 73, 73, 66, 73, 73, 73, 73, 73, 73, 73]
2;jscatterplot 74C.odem;74;[2.5,2.5,0.5,0.0,];[10, 10, 6, 5];98.63;5005;33;457114 ; [73, 73, 73, 72, 73, 72, 73, 72, 72, 72, 72, 72, 72, 73, 72, 72, 73, 72, 72, 73, 72, 72, 73, 72, 72, 72, 72, 72, 72, 72, 72, 72, 72, 73, 72, 73, 73, 73, 72, 72, 72, 72, 72, 72, 72, 72, 72, 72, 72, 72, 72, 72, 73, 73, 72, 72, 72, 72, 72, 72, 72, 72, 72, 72, 73, 72, 72, 72, 72, 72, 72, 73, 72, 73]
3;javaocr 59C.odem;59;[0.0,2.5,-1.5,2.5,];[5, 10, 2, 10];68.63;5001;22;221645 ; [0, 1, 2, 3, 4, 5, 6, 7, 8, 9, 13, 11, 12, 13, 14, 15, 16, 17, 18, 19, 20, 21, 22, 23, 24, 26, 26, 27, 28, 29, 30, 31, 32, 33, 34, 35, 36, 37, 38, 39, 40, 41, 42, 43, 44, 45, 46, 47, 48, 49, 50, 51, 52, 53, 54, 55, 56, 57, 58]
4;javaocr 59C.odem;59;[-1.0,-1.5,1.5,-2.5,];[3, 2, 8, 0];68.63;5004;1785;222163 ; [5, 57, 57, 57, 57, 5, 57, 57, 57, 57, 57, 57, 57, 57, 57, 57, 57, 17, 57, 57, 57, 57, 57, 30, 30, 30, 30, 30, 30, 30, 30, 58, 58, 58, 57, 58, 58, 58, 57, 58, 58, 58, 58, 58, 58, 58, 58, 58, 58, 58, 58, 58, 58, 58, 58, 58, 58, 57, 58]
5;javaocr 59C.odem;59;[-1.0,-1.0,1.5,-2.5,];[3, 3, 8, 0];68.63;5006;157;222140 ; [5, 49, 49, 49, 49, 5, 8, 8, 8, 49, 13, 13, 13, 13, 16, 16, 16, 17, 49, 49, 26, 49, 24, 24, 24, 26, 26, 30, 30, 30, 30, 37, 37, 37, 37, 37, 37, 37, 47, 54, 54, 54, 56, 56, 58, 57, 58, 47, 55, 49, 54, 54, 54, 54, 54, 55, 56, 57, 58]
3;servletapi-2.3 63C.odem;63;[2.0,-0.5,0.0,1.0,];[9, 4, 5, 7];72.88;5002;378;249865 ; [61, 61, 61, 61, 61, 61, 61, 61, 61, 61, 61, 61, 61, 61, 62, 61, 62, 61, 62, 62, 62, 62, 61, 61, 61, 62, 62, 61, 61, 61, 61, 62, 62, 62, 62, 62, 62, 62, 61, 62, 60, 62, 61, 60, 60, 61, 61, 62, 61, 61, 60, 61, 60, 60, 62, 61, 62, 61, 61, 61, 60, 61, 62]
4;servletapi-2.3 63C.odem;63;[-2.0,0.5,-0.5,-2.5,];[1, 6, 4, 0];72.88;5002;3161;253718 ; [17, 17, 17, 17, 17, 17, 17, 17, 10, 9, 10, 11, 17, 13, 14, 17, 16, 17, 18, 19, 20, 21, 51, 32, 32, 51, 26, 32, 33, 30, 30, 31, 32, 33, 34, 35, 36, 51, 42, 39, 40, 51, 42, 43, 44, 51, 51, 51, 58, 51, 50, 51, 52, 53, 62, 62, 62, 61, 58, 62, 60, 61, 62]
5;servletapi-2.3 63C.odem;63;[2.0,-0.5,0.5,2.5,];[9, 4, 6, 10];72.88;5006;2142;254161 ; [62, 62, 62, 62, 62, 62, 62, 62, 62, 62, 62, 62, 62, 62, 62, 62, 62, 62, 62, 62, 62, 62, 62, 62, 62, 62, 62, 62, 62, 62, 62, 62, 62, 62, 62, 62, 62, 62, 62, 62, 62, 62, 62, 62, 62, 62, 62, 62, 62, 62, 52, 62, 52, 53, 62, 62, 62, 62, 62, 62, 60, 62, 62]
1;jfluid-1.7.0 82C.odem;82;[2.0,-1.0,-2.0,1.0,];[9, 3, 1, 7];73.08;5006;2812;576768 ; [80, 80, 80, 80, 80, 80, 80, 80, 80, 80, 80, 80, 80, 80, 80, 80, 80, 80, 80, 80, 80, 80, 80, 80, 80, 80, 80, 80, 80, 80, 80, 80, 80, 80, 80, 80, 80, 80, 80, 80, 80, 80, 80, 80, 80, 80, 80, 80, 80, 80, 80, 80, 80, 80, 80, 80, 80, 80, 80, 80, 80, 80, 80, 80, 80, 80, 80, 80, 80, 80, 80, 80, 80, 80, 80, 80, 80, 80, 80, 80, 80, 81]
2;jfluid-1.7.0 82C.odem;82;[-2.0,1.0,2.0,-1.0,];[1, 7, 9, 3];73.08;5001;1807;577965 ; [6, 1, 2, 6, 81, 6, 6, 7, 81, 81, 81, 81, 81, 81, 81, 81, 81, 81, 81, 81, 81, 81, 81, 81, 81, 81, 81, 81, 81, 81, 33, 33, 33, 33, 81, 81, 81, 81, 81, 81, 81, 81, 81, 81, 81, 81, 81, 81, 81, 81, 81, 81, 56, 74, 56, 74, 56, 74, 81, 81, 81, 74, 81, 81, 81, 81, 81, 74, 81, 81, 81, 74, 81, 74, 74, 81, 81, 81, 81, 81, 81, 81]
6;udt-java 56C.odem;56;[-2.0,1.0,2.0,-1.0,];[1, 7, 9, 3];60.0;5004;1039;176652 ; [18, 45, 45, 45, 45, 45, 45, 45, 45, 45, 45, 45, 45, 45, 45, 45, 45, 45, 18, 45, 45, 45, 45, 45, 45, 45, 26, 45, 45, 45, 45, 45, 45, 55, 55, 55, 55, 55, 38, 39, 55, 55, 55, 55, 55, 45, 55, 55, 55, 55, 55, 55, 55, 55, 55, 55]
7;udt-java 56C.odem;56;[2.0,-1.0,-1.0,0.5,];[9, 3, 3, 6];60.0;5007;1237;177394 ; [0, 24, 46, 55, 29, 55, 55, 12, 46, 46, 12, 29, 12, 55, 46, 30, 46, 24, 18, 20, 20, 27, 23, 23, 24, 55, 26, 27, 30, 29, 30, 34, 36, 55, 34, 55, 36, 55, 38, 39, 52, 42, 42, 48, 52, 46, 46, 55, 48, 55, 55, 55, 52, 55, 55, 55]
0;jfluid-1.7.0 82C.odem;82;[2.0,-1.0,-1.0,0.5,];[9, 3, 3, 6];73.08;5001;973;597513 ; [3, 2, 2, 3, 75, 75, 75, 7, 81, 75, 81, 75, 75, 75, 81, 75, 81, 75, 81, 81, 75, 75, 75, 75, 75, 81, 75, 81, 81, 75, 81, 81, 81, 75, 81, 81, 81, 81, 75, 81, 75, 41, 81, 75, 75, 81, 81, 47, 75, 75, 75, 75, 81, 75, 81, 75, 75, 75, 75, 81, 81, 75, 81, 81, 81, 81, 75, 75, 75, 81, 81, 81, 75, 81, 75, 75, 81, 81, 81, 81, 81, 81]
8;udt-java 56C.odem;56;[2.0,-1.0,-1.0,0.5,];[9, 3, 3, 6];60.0;5003;843;186998 ; [49, 49, 49, 55, 49, 55, 55, 49, 55, 49, 49, 55, 55, 55, 55, 55, 49, 55, 55, 55, 49, 55, 55, 55, 55, 55, 55, 55, 55, 55, 55, 55, 49, 55, 49, 55, 49, 55, 55, 55, 55, 55, 55, 55, 55, 55, 55, 55, 49, 49, 55, 55, 55, 55, 55, 55]
6;javaocr 59C.odem;59;[-1.0,2.0,-1.5,2.5,];[3, 9, 2, 10];68.63;5005;445;202647 ; [0, 58, 54, 54, 8, 5, 8, 7, 8, 9, 13, 13, 12, 13, 16, 15, 16, 17, 54, 54, 26, 26, 26, 26, 26, 26, 26, 30, 30, 29, 30, 47, 47, 47, 47, 47, 47, 47, 47, 54, 54, 54, 49, 49, 58, 57, 57, 47, 48, 49, 54, 54, 54, 54, 54, 58, 58, 57, 58]
7;javaocr 59C.odem;59;[0.5,-1.0,1.5,-2.5,];[6, 3, 8, 0];68.63;5005;3336;201766 ; [0, 49, 49, 49, 49, 5, 8, 8, 8, 49, 13, 13, 13, 13, 16, 16, 16, 17, 49, 49, 26, 49, 24, 24, 24, 26, 26, 30, 30, 30, 30, 37, 37, 37, 37, 37, 37, 37, 47, 54, 54, 54, 55, 55, 58, 57, 58, 47, 56, 49, 54, 54, 54, 54, 54, 55, 56, 57, 58]
4;forms-1.3.0 68C.odem;68;[0.5,-2.0,1.0,0.5,];[6, 1, 7, 6];65.08;5000;20;307177 ; [67, 67, 67, 67, 67, 67, 67, 67, 67, 67, 67, 65, 67, 67, 67, 67, 66, 67, 67, 66, 67, 66, 67, 66, 67, 66, 67, 66, 66, 67, 67, 66, 67, 67, 66, 67, 66, 66, 66, 66, 67, 66, 66, 66, 66, 67, 67, 67, 67, 67, 67, 67, 66, 66, 67, 67, 66, 66, 67, 65, 67, 65, 67, 66, 67, 65, 66, 67]
3;forms-1.3.0 68C.odem;68;[-1.0,1.5,-1.0,-0.5,];[3, 8, 3, 4];65.08;5000;213;310759 ; [67, 67, 67, 67, 67, 67, 67, 67, 67, 67, 67, 67, 67, 67, 30, 30, 30, 30, 67, 67, 26, 26, 26, 26, 26, 26, 26, 67, 67, 67, 30, 67, 67, 67, 67, 67, 67, 67, 67, 67, 67, 67, 67, 67, 67, 67, 67, 67, 67, 67, 67, 67, 67, 67, 67, 67, 67, 67, 67, 65, 67, 67, 67, 67, 67, 65, 67, 67]
8;javaocr 59C.odem;59;[-1.5,-1.5,1.5,-2.5,];[2, 2, 8, 0];68.63;5004;574;211770 ; [57, 57, 57, 26, 26, 57, 8, 57, 8, 57, 26, 57, 57, 26, 16, 57, 16, 57, 57, 57, 26, 26, 26, 26, 26, 26, 26, 54, 57, 57, 54, 47, 47, 47, 47, 47, 47, 47, 47, 54, 54, 54, 58, 58, 58, 57, 57, 47, 58, 57, 54, 54, 54, 54, 54, 58, 58, 57, 58]
5;forms-1.3.0 68C.odem;68;[2.0,-0.5,2.5,2.0,];[9, 4, 10, 9];65.08;5007;204;319050 ; [67, 67, 67, 67, 67, 67, 67, 67, 67, 67, 67, 65, 67, 67, 67, 67, 56, 67, 67, 56, 67, 56, 67, 56, 67, 56, 67, 56, 56, 67, 67, 56, 67, 67, 56, 67, 56, 56, 41, 56, 67, 41, 42, 43, 44, 67, 67, 67, 67, 67, 67, 67, 56, 56, 67, 67, 56, 57, 67, 65, 67, 65, 67, 63, 67, 65, 66, 67]
9;udt-java 56C.odem;56;[2.0,-1.0,-2.0,1.0,];[9, 3, 1, 7];60.0;5006;1866;166663 ; [26, 55, 55, 55, 29, 55, 55, 55, 55, 55, 55, 29, 55, 55, 55, 55, 55, 55, 26, 26, 26, 55, 26, 26, 55, 55, 26, 55, 29, 29, 55, 34, 36, 55, 34, 55, 36, 55, 55, 55, 55, 48, 48, 48, 48, 55, 55, 55, 48, 55, 55, 55, 55, 55, 55, 55]
6;servletapi-2.3 63C.odem;63;[2.0,-0.5,0.0,0.5,];[9, 4, 5, 6];72.88;5008;75;228421 ; [39, 39, 39, 39, 39, 39, 39, 39, 39, 40, 39, 40, 39, 39, 39, 39, 39, 39, 39, 39, 39, 39, 40, 40, 40, 40, 40, 40, 40, 40, 40, 40, 40, 40, 39, 40, 40, 40, 42, 39, 40, 59, 42, 43, 44, 59, 59, 59, 59, 59, 50, 59, 52, 53, 62, 62, 62, 61, 59, 59, 60, 61, 62]
7;servletapi-2.3 63C.odem;63;[2.0,-0.5,0.0,0.5,];[9, 4, 5, 6];72.88;5007;2065;237934 ; [62, 62, 62, 62, 62, 62, 62, 62, 62, 62, 62, 62, 62, 14, 14, 62, 62, 62, 62, 19, 62, 21, 62, 62, 62, 62, 62, 62, 33, 33, 33, 33, 62, 33, 34, 62, 36, 62, 62, 39, 40, 62, 62, 43, 44, 62, 62, 62, 62, 62, 50, 62, 52, 53, 62, 62, 62, 62, 62, 62, 60, 62, 62]
8;servletapi-2.3 63C.odem;63;[2.0,-0.5,0.0,0.5,];[9, 4, 5, 6];72.88;5009;274;238132 ; [39, 39, 39, 39, 39, 39, 39, 39, 39, 39, 39, 39, 39, 39, 39, 39, 39, 39, 39, 39, 39, 39, 39, 39, 39, 39, 39, 39, 33, 33, 33, 33, 32, 33, 39, 39, 39, 39, 42, 39, 40, 45, 42, 43, 44, 45, 46, 51, 58, 51, 50, 51, 52, 53, 62, 62, 56, 61, 58, 59, 60, 61, 62]
3;jscatterplot 74C.odem;74;[-1.0,-0.5,-2.5,0.0,];[3, 4, 0, 5];98.63;5008;18;374227 ; [58, 71, 71, 60, 71, 60, 71, 56, 60, 60, 56, 60, 58, 56, 60, 60, 56, 71, 58, 71, 60, 56, 71, 58, 60, 56, 58, 60, 56, 58, 60, 56, 57, 71, 58, 71, 71, 71, 58, 60, 56, 57, 58, 60, 56, 57, 58, 60, 56, 57, 58, 59, 71, 71, 60, 55, 56, 57, 58, 59, 60, 61, 62, 63, 71, 65, 66, 67, 68, 69, 70, 71, 72, 73]
4;jscatterplot 74C.odem;74;[-2.5,-1.0,2.0,1.5,];[0, 3, 9, 8];98.63;5008;34;377331 ; [72, 72, 72, 72, 72, 72, 72, 72, 72, 72, 72, 72, 72, 72, 72, 72, 72, 72, 72, 72, 72, 72, 72, 72, 72, 72, 72, 72, 72, 72, 72, 72, 72, 72, 72, 72, 72, 72, 72, 72, 72, 72, 72, 72, 72, 72, 72, 72, 72, 72, 72, 72, 72, 72, 72, 72, 72, 72, 72, 72, 72, 72, 72, 72, 72, 72, 72, 72, 72, 72, 72, 72, 72, 73]
9;javaocr 59C.odem;59;[2.0,2.5,-1.5,2.5,];[9, 10, 2, 10];68.63;5006;354;181689 ; [5, 5, 17, 17, 21, 5, 8, 8, 8, 21, 13, 13, 13, 13, 16, 16, 16, 17, 18, 19, 26, 21, 24, 24, 24, 26, 26, 30, 30, 30, 30, 37, 37, 37, 37, 37, 37, 37, 47, 54, 54, 54, 56, 56, 58, 57, 58, 47, 55, 49, 54, 54, 54, 54, 54, 55, 56, 57, 58]
5;jscatterplot 74C.odem;74;[0.5,1.0,-0.5,0.0,];[6, 7, 4, 5];98.63;5001;29;389839 ; [73, 73, 73, 73, 73, 73, 73, 73, 73, 73, 73, 73, 73, 73, 73, 73, 73, 73, 73, 73, 72, 73, 73, 34, 34, 34, 34, 34, 34, 34, 34, 34, 34, 34, 34, 73, 73, 73, 73, 73, 52, 52, 52, 52, 52, 52, 52, 52, 52, 52, 52, 52, 52, 73, 73, 73, 72, 72, 72, 72, 72, 72, 72, 72, 72, 71, 71, 71, 71, 71, 71, 71, 72, 73]
2;junit-3.8.1 100C.odem;100;[1.0,-2.5,1.0,-0.5,];[7, 0, 7, 4];70.21;5005;1402;925671 ; [99, 99, 99, 99, 99, 99, 84, 99, 99, 99, 99, 99, 99, 99, 99, 99, 34, 34, 32, 32, 32, 32, 32, 24, 24, 84, 32, 32, 32, 99, 32, 99, 32, 84, 34, 47, 84, 99, 44, 44, 99, 63, 63, 47, 44, 84, 99, 47, 99, 99, 99, 99, 99, 99, 99, 99, 99, 99, 99, 99, 99, 97, 97, 63, 99, 99, 99, 99, 99, 99, 99, 99, 99, 99, 99, 99, 84, 99, 99, 99, 99, 99, 99, 99, 84, 93, 93, 93, 93, 93, 93, 93, 93, 93, 97, 97, 97, 97, 99, 99]
6;forms-1.3.0 68C.odem;68;[2.5,-1.0,-2.5,1.0,];[10, 3, 0, 7];65.08;5008;299;266207 ; [66, 66, 66, 66, 67, 66, 66, 66, 66, 39, 66, 67, 67, 67, 67, 67, 67, 67, 66, 66, 67, 67, 67, 66, 67, 67, 67, 66, 67, 66, 67, 66, 66, 35, 67, 35, 66, 67, 67, 39, 67, 67, 67, 66, 66, 66, 66, 66, 66, 66, 66, 66, 66, 61, 66, 66, 67, 67, 67, 67, 61, 61, 67, 67, 67, 67, 66, 67]
7;forms-1.3.0 68C.odem;68;[-2.5,1.5,-1.0,-0.5,];[0, 8, 3, 4];65.08;5002;163;265375 ; [67, 44, 44, 44, 44, 44, 44, 67, 67, 44, 67, 44, 67, 64, 44, 67, 64, 44, 64, 44, 67, 64, 44, 67, 64, 44, 48, 67, 64, 44, 48, 67, 64, 44, 48, 67, 67, 64, 67, 67, 67, 44, 48, 64, 44, 45, 67, 67, 48, 67, 67, 51, 52, 64, 64, 67, 67, 64, 58, 64, 67, 61, 67, 63, 64, 67, 67, 67]
9;servletapi-2.3 63C.odem;63;[2.0,-0.5,0.0,2.5,];[9, 4, 5, 10];72.88;5001;181;196393 ; [36, 36, 36, 36, 36, 36, 36, 36, 36, 36, 36, 36, 36, 36, 36, 36, 36, 36, 36, 36, 36, 36, 37, 36, 36, 37, 37, 36, 36, 36, 36, 36, 36, 36, 36, 36, 36, 37, 42, 39, 40, 46, 42, 43, 44, 46, 46, 51, 58, 51, 50, 51, 52, 53, 62, 62, 62, 61, 58, 59, 60, 61, 62]
1;junit-3.8.1 100C.odem;100;[-2.5,0.5,-2.0,-0.5,];[0, 6, 1, 4];72.34;5003;3544;958668 ; [97, 97, 97, 97, 40, 97, 97, 40, 40, 97, 97, 97, 97, 97, 40, 97, 97, 97, 97, 97, 97, 97, 97, 97, 97, 97, 97, 97, 97, 40, 97, 40, 97, 40, 97, 97, 97, 40, 97, 97, 40, 97, 97, 97, 97, 97, 46, 97, 97, 97, 97, 97, 97, 97, 97, 97, 97, 97, 97, 59, 97, 97, 97, 97, 97, 97, 97, 97, 97, 97, 97, 97, 72, 97, 74, 97, 97, 97, 97, 97, 97, 97, 97, 97, 97, 97, 97, 97, 97, 97, 97, 97, 97, 97, 97, 97, 97, 97, 98, 99]
0;junit-3.8.1 100C.odem;100;[-2.5,0.5,-2.0,-0.5,];[0, 6, 1, 4];72.34;5001;3406;961316 ; [47, 47, 47, 47, 4, 47, 30, 7, 8, 47, 47, 47, 47, 45, 14, 47, 34, 34, 32, 32, 32, 32, 32, 24, 24, 45, 32, 32, 32, 32, 30, 31, 32, 33, 34, 47, 45, 37, 45, 47, 45, 48, 48, 47, 45, 45, 46, 47, 48, 93, 93, 93, 60, 55, 91, 55, 63, 63, 63, 59, 60, 97, 97, 63, 84, 84, 84, 84, 84, 84, 84, 84, 72, 84, 74, 84, 84, 84, 84, 84, 84, 84, 84, 84, 84, 93, 93, 93, 93, 93, 91, 91, 92, 93, 97, 97, 97, 97, 98, 99]
8;forms-1.3.0 68C.odem;68;[-1.5,2.5,-1.0,-0.5,];[2, 10, 3, 4];65.08;5006;183;276596 ; [67, 67, 67, 67, 67, 67, 67, 67, 67, 67, 67, 67, 67, 67, 16, 16, 16, 67, 67, 67, 26, 26, 26, 26, 26, 26, 26, 67, 67, 67, 67, 67, 67, 67, 67, 67, 67, 67, 67, 67, 67, 67, 67, 67, 67, 67, 67, 67, 67, 67, 67, 67, 67, 67, 67, 67, 67, 67, 67, 65, 65, 65, 67, 67, 67, 65, 66, 67]
3;jfluid-1.7.0 82C.odem;82;[2.0,-1.0,-2.0,1.0,];[9, 3, 1, 7];73.08;5006;1131;450975 ; [79, 79, 79, 79, 47, 79, 79, 79, 71, 26, 79, 79, 71, 26, 27, 71, 26, 27, 71, 26, 31, 79, 71, 27, 79, 71, 26, 27, 28, 71, 79, 31, 79, 71, 34, 35, 36, 37, 71, 39, 79, 79, 42, 79, 44, 45, 46, 47, 79, 79, 79, 79, 52, 53, 54, 71, 79, 57, 58, 59, 60, 61, 62, 63, 71, 71, 79, 67, 79, 69, 70, 71, 79, 73, 79, 79, 76, 77, 78, 79, 80, 81]
4;jfluid-1.7.0 82C.odem;82;[1.0,-0.5,-1.0,0.5,];[7, 4, 3, 6];73.08;5004;2603;451049 ; [65, 65, 65, 65, 65, 65, 75, 65, 65, 65, 65, 75, 65, 75, 65, 65, 65, 75, 65, 75, 81, 75, 65, 75, 75, 65, 75, 65, 65, 75, 65, 81, 65, 75, 81, 81, 81, 81, 38, 81, 75, 65, 75, 75, 75, 45, 65, 65, 65, 75, 75, 75, 81, 75, 81, 75, 75, 75, 75, 81, 81, 75, 81, 81, 81, 65, 75, 75, 81, 81, 81, 81, 81, 81, 75, 75, 81, 81, 81, 81, 81, 81]
5;jfluid-1.7.0 82C.odem;82;[2.0,-1.0,-2.0,1.0,];[9, 3, 1, 7];73.08;5007;250;472948 ; [78, 2, 2, 78, 78, 81, 78, 7, 81, 78, 81, 78, 81, 81, 81, 81, 78, 81, 78, 81, 81, 81, 81, 81, 78, 78, 81, 78, 81, 78, 81, 81, 81, 78, 81, 78, 81, 81, 81, 81, 81, 41, 81, 81, 78, 81, 81, 47, 81, 81, 81, 81, 78, 78, 78, 78, 81, 78, 78, 78, 78, 78, 78, 78, 78, 78, 81, 78, 78, 78, 78, 78, 78, 78, 81, 81, 78, 78, 78, 81, 81, 81]
6;jscatterplot 74C.odem;74;[2.5,2.0,-1.0,0.0,];[10, 9, 3, 5];98.63;5000;0;301807 ; [1, 1, 73, 73, 73, 73, 73, 73, 73, 73, 73, 73, 73, 73, 73, 73, 73, 73, 18, 22, 72, 73, 22, 34, 34, 34, 34, 34, 34, 34, 34, 34, 34, 34, 34, 73, 73, 73, 73, 73, 52, 52, 52, 52, 52, 52, 52, 52, 52, 52, 52, 52, 52, 73, 73, 73, 72, 72, 72, 72, 72, 72, 72, 72, 72, 71, 71, 71, 71, 71, 71, 71, 72, 73]
7;jscatterplot 74C.odem;74;[0.0,0.5,1.0,0.0,];[5, 6, 7, 5];98.63;5006;0;301779 ; [73, 73, 73, 67, 73, 67, 73, 69, 67, 67, 69, 67, 72, 73, 69, 67, 73, 70, 18, 73, 72, 69, 73, 67, 70, 72, 69, 67, 70, 72, 69, 67, 72, 73, 69, 73, 73, 73, 70, 72, 67, 72, 69, 70, 72, 67, 72, 69, 70, 72, 67, 67, 73, 73, 72, 69, 69, 70, 72, 67, 67, 72, 69, 70, 73, 72, 67, 67, 72, 69, 70, 73, 72, 73]
9;forms-1.3.0 68C.odem;68;[-2.0,0.0,-2.5,-2.0,];[1, 5, 0, 1];65.08;5007;18;223996 ; [67, 67, 67, 67, 67, 67, 67, 67, 67, 67, 67, 65, 67, 67, 67, 67, 56, 67, 67, 56, 67, 56, 67, 56, 67, 56, 67, 56, 56, 67, 67, 56, 67, 67, 56, 67, 56, 56, 41, 56, 67, 41, 42, 43, 44, 67, 67, 67, 67, 67, 67, 67, 56, 56, 67, 67, 56, 57, 67, 65, 67, 65, 67, 63, 67, 65, 66, 67]
8;jscatterplot 74C.odem;74;[-1.0,-2.0,-2.5,0.0,];[3, 1, 0, 5];98.63;5003;19;330650 ; [18, 18, 3, 3, 18, 18, 73, 18, 18, 73, 73, 35, 73, 73, 73, 73, 73, 73, 18, 22, 72, 35, 22, 34, 26, 26, 26, 34, 34, 34, 34, 34, 34, 34, 34, 35, 39, 39, 39, 39, 52, 52, 52, 52, 52, 52, 52, 52, 52, 52, 52, 52, 52, 55, 55, 55, 72, 72, 72, 72, 72, 72, 72, 72, 72, 71, 71, 71, 71, 71, 71, 71, 72, 73]
2;xmldom 119C.odem;119;[2.0,-0.5,0.5,1.0,];[9, 4, 6, 7];67.27;5001;1503;1299402 ; [67, 67, 67, 67, 67, 118, 67, 67, 67, 67, 67, 67, 67, 67, 67, 67, 67, 118, 67, 67, 67, 110, 118, 110, 110, 118, 67, 110, 110, 118, 110, 110, 110, 118, 118, 118, 110, 118, 67, 67, 118, 65, 65, 67, 65, 65, 118, 67, 118, 118, 118, 118, 118, 118, 118, 118, 118, 66, 67, 118, 118, 118, 118, 118, 66, 65, 66, 67, 118, 118, 118, 118, 118, 118, 118, 118, 118, 118, 118, 118, 118, 118, 118, 118, 118, 118, 118, 118, 118, 118, 118, 118, 118, 118, 118, 118, 118, 118, 118, 118, 118, 118, 118, 118, 118, 118, 118, 118, 118, 111, 110, 111, 118, 118, 118, 118, 118, 118, 118]
9;jscatterplot 74C.odem;74;[0.5,-2.5,2.0,0.0,];[6, 0, 9, 5];98.63;5007;18;250924 ; [73, 73, 73, 72, 73, 72, 73, 72, 72, 72, 72, 72, 72, 73, 72, 72, 73, 72, 72, 73, 72, 72, 73, 72, 72, 72, 72, 72, 72, 72, 72, 72, 72, 73, 72, 73, 73, 73, 72, 72, 72, 72, 72, 72, 72, 72, 72, 72, 72, 72, 72, 72, 73, 73, 72, 72, 72, 72, 72, 72, 72, 72, 72, 72, 73, 72, 72, 72, 72, 72, 72, 73, 72, 73]
7;jfluid-1.7.0 82C.odem;82;[1.0,-0.5,-1.0,0.5,];[7, 4, 3, 6];73.08;5003;2116;343851 ; [6, 2, 2, 6, 81, 6, 6, 7, 81, 81, 81, 81, 81, 81, 81, 81, 81, 81, 81, 81, 81, 81, 81, 81, 81, 81, 81, 81, 81, 81, 33, 33, 33, 33, 81, 81, 81, 81, 81, 81, 81, 81, 81, 81, 81, 81, 81, 81, 81, 81, 81, 81, 56, 74, 56, 74, 56, 74, 81, 81, 81, 74, 81, 81, 81, 81, 81, 74, 81, 81, 81, 74, 81, 74, 74, 81, 81, 81, 81, 81, 81, 81]
6;jfluid-1.7.0 82C.odem;82;[1.0,-0.5,-1.0,0.5,];[7, 4, 3, 6];73.08;5007;1065;345228 ; [80, 80, 80, 80, 80, 80, 80, 80, 80, 80, 80, 80, 80, 80, 80, 80, 80, 80, 80, 80, 80, 80, 80, 80, 80, 80, 80, 80, 80, 80, 80, 80, 80, 80, 80, 80, 80, 80, 80, 80, 80, 80, 80, 80, 80, 80, 80, 80, 80, 80, 80, 80, 80, 80, 80, 80, 80, 80, 80, 80, 80, 80, 80, 80, 80, 80, 80, 80, 80, 80, 80, 80, 80, 80, 80, 80, 80, 80, 80, 80, 80, 81]
1;xmldom 119C.odem;119;[-2.0,0.5,-0.5,-1.0,];[1, 6, 4, 3];67.27;5002;3138;1392079 ; [104, 104, 103, 103, 104, 104, 104, 104, 104, 104, 104, 103, 103, 104, 103, 103, 103, 103, 103, 103, 104, 104, 104, 110, 110, 104, 104, 104, 110, 104, 104, 104, 104, 104, 104, 104, 104, 104, 104, 102, 102, 83, 83, 103, 103, 83, 118, 104, 118, 102, 104, 104, 102, 104, 104, 104, 104, 102, 103, 103, 104, 104, 103, 104, 102, 103, 102, 103, 103, 103, 104, 104, 104, 110, 104, 104, 104, 102, 102, 83, 83, 103, 103, 83, 118, 102, 104, 104, 102, 104, 104, 104, 104, 103, 103, 104, 104, 103, 102, 103, 103, 103, 102, 103, 104, 107, 107, 107, 109, 109, 110, 111, 112, 116, 116, 116, 116, 118, 118]
0;xmldom 119C.odem;119;[2.0,-0.5,1.0,2.0,];[9, 4, 7, 9];67.27;5003;2079;1392393 ; [104, 104, 104, 104, 104, 104, 104, 104, 104, 104, 108, 104, 104, 104, 104, 108, 104, 104, 104, 104, 104, 72, 72, 111, 72, 104, 104, 72, 72, 104, 104, 111, 104, 104, 104, 108, 104, 104, 104, 104, 106, 104, 104, 104, 108, 104, 117, 104, 104, 104, 104, 104, 104, 104, 104, 104, 104, 104, 104, 104, 104, 104, 104, 104, 104, 104, 104, 104, 104, 104, 72, 104, 72, 111, 104, 104, 104, 104, 104, 106, 104, 104, 104, 108, 104, 104, 104, 104, 104, 104, 104, 104, 104, 104, 104, 104, 104, 104, 104, 104, 104, 104, 104, 104, 104, 106, 106, 112, 108, 111, 111, 111, 112, 113, 114, 115, 116, 117, 118]
8;jfluid-1.7.0 82C.odem;82;[2.0,-1.0,-2.0,1.0,];[9, 3, 1, 7];73.08;5002;3539;410629 ; [41, 41, 41, 41, 68, 6, 6, 41, 81, 41, 41, 81, 81, 41, 81, 81, 68, 68, 81, 81, 81, 68, 68, 68, 68, 68, 68, 68, 68, 68, 33, 33, 33, 33, 66, 68, 81, 81, 68, 81, 81, 41, 68, 68, 68, 68, 68, 68, 68, 81, 68, 68, 56, 74, 56, 74, 56, 74, 68, 81, 81, 74, 81, 81, 81, 66, 66, 74, 68, 81, 81, 74, 81, 74, 74, 81, 81, 81, 81, 81, 81, 81]
3;junit-3.8.1 100C.odem;100;[-2.5,0.5,-2.0,-0.5,];[0, 6, 1, 4];72.34;5002;2146;588821 ; [97, 97, 97, 97, 97, 97, 97, 97, 97, 97, 97, 97, 97, 97, 97, 97, 97, 97, 97, 97, 97, 97, 97, 97, 97, 97, 97, 97, 97, 97, 97, 97, 97, 97, 97, 97, 97, 97, 97, 97, 97, 97, 97, 97, 97, 97, 97, 97, 97, 97, 97, 97, 97, 97, 97, 97, 97, 97, 97, 99, 97, 97, 97, 97, 97, 97, 97, 97, 97, 97, 97, 97, 99, 97, 99, 97, 97, 97, 97, 97, 97, 97, 97, 97, 97, 97, 97, 97, 97, 97, 97, 97, 97, 97, 97, 97, 97, 97, 99, 99]
9;jfluid-1.7.0 82C.odem;82;[1.0,-0.5,-1.0,0.5,];[7, 4, 3, 6];73.08;5003;591;284538 ; [79, 79, 79, 79, 47, 79, 79, 79, 71, 26, 79, 79, 71, 26, 27, 71, 26, 27, 71, 26, 31, 79, 71, 27, 79, 71, 26, 27, 28, 71, 79, 31, 79, 71, 34, 35, 36, 37, 71, 39, 79, 79, 42, 79, 44, 45, 46, 47, 79, 79, 79, 79, 52, 53, 54, 71, 79, 57, 58, 59, 60, 61, 62, 63, 71, 71, 79, 67, 79, 69, 70, 71, 79, 73, 79, 79, 76, 77, 78, 79, 80, 81]
4;junit-3.8.1 100C.odem;100;[-2.5,0.5,-2.0,-0.5,];[0, 6, 1, 4];72.34;5004;194;718943 ; [48, 48, 48, 97, 7, 97, 45, 7, 8, 97, 97, 97, 97, 97, 14, 97, 45, 45, 45, 45, 45, 45, 45, 45, 45, 45, 45, 45, 45, 45, 45, 31, 45, 33, 45, 97, 45, 45, 45, 45, 40, 97, 97, 97, 45, 45, 46, 97, 48, 97, 97, 97, 97, 97, 97, 97, 97, 97, 97, 59, 97, 97, 97, 97, 97, 97, 97, 97, 97, 97, 97, 97, 72, 97, 74, 97, 97, 97, 97, 97, 97, 97, 97, 97, 97, 97, 97, 97, 97, 97, 97, 97, 97, 97, 97, 97, 97, 97, 98, 99]
5;junit-3.8.1 100C.odem;100;[1.5,-2.5,2.0,-1.0,];[8, 0, 9, 3];70.21;5003;462;718111 ; [59, 59, 59, 47, 59, 99, 99, 59, 99, 99, 92, 92, 92, 92, 59, 92, 92, 92, 99, 99, 99, 99, 99, 24, 24, 45, 99, 99, 99, 99, 99, 99, 99, 92, 92, 47, 45, 92, 45, 47, 92, 48, 48, 47, 45, 45, 92, 47, 48, 93, 93, 93, 60, 91, 91, 91, 92, 92, 92, 59, 60, 97, 97, 92, 92, 92, 92, 92, 92, 92, 92, 92, 92, 92, 92, 92, 92, 92, 92, 92, 92, 92, 92, 92, 92, 93, 93, 93, 93, 93, 91, 91, 92, 93, 97, 97, 97, 97, 99, 99]
0;tinytim 134C.odem;134;[0.5,2.5,-2.0,-1.0,];[6, 10, 1, 3];61.6;5006;17;1710105 ; [0, 130, 130, 130, 130, 130, 6, 66, 66, 66, 66, 66, 66, 66, 66, 66, 66, 66, 130, 130, 130, 130, 130, 130, 130, 95, 130, 130, 30, 30, 30, 130, 130, 132, 132, 132, 132, 132, 132, 68, 79, 72, 72, 72, 72, 72, 72, 79, 79, 130, 79, 79, 79, 61, 61, 61, 61, 61, 61, 61, 61, 61, 130, 79, 64, 66, 66, 130, 68, 79, 70, 130, 72, 130, 74, 130, 130, 130, 130, 79, 130, 130, 130, 130, 93, 86, 86, 87, 130, 91, 91, 91, 130, 93, 130, 95, 120, 120, 120, 120, 120, 120, 120, 120, 120, 120, 120, 120, 120, 120, 120, 120, 120, 120, 120, 120, 120, 130, 130, 120, 120, 121, 122, 130, 130, 126, 126, 133, 128, 131, 130, 131, 132, 133]
1;tinytim 134C.odem;134;[-2.0,0.5,-2.0,-1.0,];[1, 6, 1, 3];61.6;5000;436;1940670 ; [131, 131, 64, 133, 133, 133, 131, 131, 131, 131, 131, 131, 131, 131, 131, 131, 131, 133, 131, 133, 88, 131, 88, 133, 131, 133, 131, 131, 88, 133, 131, 88, 133, 131, 88, 133, 64, 131, 133, 131, 131, 131, 88, 64, 88, 64, 133, 131, 64, 88, 64, 88, 133, 131, 88, 64, 88, 64, 88, 64, 131, 133, 131, 131, 64, 131, 133, 67, 131, 133, 133, 131, 133, 133, 133, 75, 131, 131, 131, 133, 133, 81, 131, 131, 131, 131, 133, 133, 88, 133, 133, 131, 92, 93, 94, 131, 133, 97, 98, 99, 133, 101, 102, 103, 104, 133, 133, 107, 108, 109, 133, 133, 112, 133, 133, 115, 131, 131, 118, 131, 120, 131, 131, 131, 131, 133, 131, 131, 131, 133, 133, 131, 133, 133]
2;tinytim 134C.odem;134;[-1.5,0.5,-2.0,-1.5,];[2, 6, 1, 2];61.6;5005;138;1944261 ; [131, 131, 81, 133, 133, 133, 131, 131, 131, 131, 131, 131, 131, 131, 131, 131, 131, 133, 131, 133, 88, 131, 88, 133, 131, 133, 131, 131, 88, 133, 131, 88, 133, 131, 88, 133, 81, 131, 133, 131, 131, 131, 88, 81, 88, 81, 133, 131, 81, 88, 81, 88, 133, 131, 88, 81, 88, 81, 88, 81, 131, 133, 131, 131, 81, 131, 133, 81, 131, 133, 133, 131, 133, 133, 133, 81, 131, 131, 131, 133, 133, 81, 131, 131, 131, 131, 133, 133, 88, 133, 133, 131, 92, 93, 94, 131, 133, 97, 98, 99, 133, 101, 102, 103, 104, 133, 133, 107, 108, 109, 133, 133, 112, 133, 133, 115, 131, 131, 118, 131, 120, 131, 131, 131, 131, 133, 131, 131, 131, 133, 133, 131, 133, 133]
6;junit-3.8.1 100C.odem;100;[2.5,-0.5,1.5,0.5,];[10, 4, 8, 6];71.28;5005;919;467792 ; [48, 48, 48, 47, 4, 15, 30, 7, 8, 15, 15, 15, 15, 15, 14, 15, 32, 34, 28, 32, 32, 26, 26, 25, 25, 25, 26, 32, 28, 29, 30, 31, 32, 33, 34, 47, 45, 37, 44, 47, 40, 42, 42, 47, 44, 45, 46, 47, 48, 51, 51, 51, 60, 55, 55, 55, 58, 58, 58, 59, 60, 63, 63, 63, 83, 83, 83, 83, 83, 83, 83, 83, 72, 83, 74, 83, 84, 83, 83, 83, 83, 83, 83, 83, 84, 93, 93, 93, 93, 93, 93, 93, 93, 93, 97, 97, 97, 97, 98, 99]
3;xmldom 119C.odem;119;[-2.0,0.5,-0.5,-1.0,];[1, 6, 4, 3];67.27;5001;318;758014 ; [111, 104, 111, 111, 111, 104, 111, 111, 111, 111, 104, 111, 111, 111, 111, 104, 111, 104, 111, 111, 104, 111, 111, 111, 111, 111, 111, 111, 111, 111, 111, 111, 111, 111, 104, 112, 111, 104, 111, 111, 118, 111, 111, 104, 111, 111, 118, 111, 118, 104, 104, 104, 104, 104, 104, 104, 104, 104, 104, 104, 104, 104, 104, 104, 104, 111, 104, 104, 104, 111, 104, 104, 111, 104, 111, 104, 104, 104, 104, 104, 104, 104, 104, 104, 104, 104, 104, 104, 104, 104, 104, 104, 104, 104, 104, 104, 104, 104, 104, 118, 104, 118, 104, 118, 104, 111, 111, 111, 112, 111, 111, 111, 112, 118, 118, 118, 118, 118, 118]
2;javacc 154C.odem;154;[2.5,-1.0,0.5,2.0,];[10, 3, 6, 9];89.86;5003;1089;2285456 ; [153, 153, 72, 153, 153, 153, 153, 153, 153, 148, 148, 148, 152, 148, 148, 152, 152, 152, 152, 152, 152, 152, 152, 152, 152, 152, 152, 152, 148, 152, 152, 148, 152, 152, 148, 148, 152, 148, 152, 152, 152, 152, 152, 152, 152, 152, 152, 152, 152, 152, 152, 152, 152, 152, 152, 152, 153, 148, 152, 148, 153, 153, 148, 153, 152, 152, 148, 153, 148, 153, 139, 153, 72, 153, 152, 148, 148, 152, 148, 153, 153, 148, 148, 148, 153, 148, 153, 153, 148, 152, 148, 148, 148, 152, 148, 153, 153, 152, 153, 153, 148, 139, 153, 152, 148, 139, 148, 148, 153, 148, 153, 148, 148, 153, 148, 153, 139, 153, 148, 153, 139, 139, 153, 123, 148, 125, 139, 148, 148, 152, 148, 152, 148, 148, 152, 148, 153, 137, 138, 139, 140, 141, 153, 148, 153, 148, 153, 153, 148, 152, 152, 152, 152, 153]
7;junit-3.8.1 100C.odem;100;[2.5,-0.5,1.5,0.5,];[10, 4, 8, 6];71.28;5006;3919;709870 ; [97, 97, 97, 97, 7, 97, 97, 7, 8, 97, 97, 97, 97, 97, 14, 97, 97, 97, 97, 97, 97, 97, 97, 97, 97, 97, 97, 97, 97, 29, 97, 31, 97, 33, 97, 97, 97, 37, 97, 97, 40, 97, 97, 97, 97, 97, 46, 97, 97, 97, 97, 97, 97, 97, 97, 97, 97, 97, 97, 59, 97, 97, 97, 97, 97, 97, 97, 97, 97, 97, 97, 97, 72, 97, 74, 97, 97, 97, 97, 97, 97, 97, 97, 97, 97, 97, 97, 97, 97, 97, 97, 97, 97, 97, 97, 97, 97, 97, 98, 99]
8;junit-3.8.1 100C.odem;100;[2.5,-0.5,1.5,0.5,];[10, 4, 8, 6];71.28;5002;760;711872 ; [48, 48, 48, 47, 46, 47, 46, 46, 46, 47, 47, 47, 47, 47, 46, 47, 97, 97, 46, 46, 46, 46, 46, 46, 46, 46, 46, 46, 46, 46, 46, 46, 46, 46, 97, 47, 45, 46, 45, 47, 45, 59, 59, 47, 47, 45, 46, 47, 48, 51, 51, 51, 60, 55, 55, 55, 97, 97, 97, 59, 60, 97, 97, 97, 97, 97, 97, 97, 97, 97, 97, 97, 72, 97, 74, 97, 97, 97, 97, 97, 97, 97, 97, 97, 97, 93, 93, 93, 93, 93, 93, 93, 93, 93, 97, 97, 97, 97, 98, 99]
4;xmldom 119C.odem;119;[-2.0,0.5,-0.5,-1.0,];[1, 6, 4, 3];67.27;5002;1537;1157240 ; [104, 104, 103, 103, 104, 104, 104, 104, 104, 104, 104, 103, 103, 104, 103, 103, 103, 103, 103, 103, 104, 104, 104, 110, 110, 104, 104, 104, 110, 104, 104, 104, 104, 104, 104, 104, 104, 104, 104, 102, 102, 83, 83, 103, 103, 83, 118, 104, 118, 102, 104, 104, 102, 104, 104, 104, 104, 102, 103, 103, 104, 104, 103, 104, 102, 103, 102, 103, 103, 103, 104, 104, 104, 110, 104, 104, 104, 102, 102, 83, 83, 103, 103, 83, 118, 102, 104, 104, 102, 104, 104, 104, 104, 103, 103, 104, 104, 103, 102, 103, 103, 103, 102, 103, 104, 107, 107, 107, 109, 109, 110, 111, 112, 116, 116, 116, 116, 118, 118]
5;xmldom 119C.odem;119;[-2.0,0.5,-0.5,-1.0,];[1, 6, 4, 3];67.27;5007;2254;1165057 ; [117, 117, 117, 117, 117, 117, 117, 117, 117, 117, 117, 117, 117, 115, 117, 117, 115, 115, 115, 115, 115, 115, 115, 117, 117, 115, 117, 117, 115, 117, 115, 117, 115, 117, 115, 115, 115, 115, 117, 117, 115, 115, 117, 115, 115, 115, 117, 115, 117, 115, 115, 115, 115, 115, 115, 115, 115, 117, 58, 115, 115, 115, 115, 117, 115, 65, 117, 67, 68, 69, 70, 71, 72, 73, 74, 75, 76, 77, 78, 79, 80, 81, 82, 83, 84, 85, 86, 87, 88, 89, 90, 91, 92, 93, 94, 95, 96, 97, 98, 117, 100, 117, 102, 103, 104, 117, 115, 117, 117, 115, 117, 117, 115, 117, 117, 115, 116, 117, 118]
9;junit-3.8.1 100C.odem;100;[2.5,-0.5,1.5,0.5,];[10, 4, 8, 6];71.28;5006;330;585092 ; [97, 97, 97, 97, 7, 97, 97, 7, 8, 97, 97, 97, 97, 97, 14, 97, 97, 97, 97, 97, 97, 97, 97, 97, 97, 97, 97, 97, 97, 29, 97, 31, 97, 33, 97, 97, 97, 37, 97, 97, 40, 97, 97, 97, 97, 97, 46, 97, 97, 97, 97, 97, 97, 97, 97, 97, 97, 97, 97, 59, 97, 97, 97, 97, 97, 97, 97, 97, 97, 97, 97, 97, 72, 97, 74, 97, 97, 97, 97, 97, 97, 97, 97, 97, 97, 97, 97, 97, 97, 97, 97, 97, 97, 97, 97, 97, 97, 97, 98, 99]
1;javacc 154C.odem;154;[-2.5,1.0,-0.5,-2.0,];[0, 7, 4, 1];89.86;5001;402;2983787 ; [72, 153, 72, 4, 4, 153, 153, 153, 153, 148, 148, 148, 153, 148, 148, 153, 153, 153, 153, 153, 153, 153, 153, 153, 153, 153, 153, 153, 148, 153, 153, 148, 153, 153, 148, 148, 153, 148, 153, 153, 153, 153, 153, 153, 153, 153, 153, 153, 153, 153, 153, 153, 153, 153, 153, 153, 153, 148, 153, 148, 153, 153, 148, 153, 153, 148, 148, 153, 148, 153, 153, 153, 72, 153, 148, 148, 148, 148, 148, 153, 153, 148, 148, 148, 153, 148, 86, 153, 148, 153, 148, 148, 148, 148, 148, 153, 153, 153, 153, 153, 148, 148, 102, 153, 148, 148, 148, 148, 153, 148, 153, 148, 148, 153, 148, 153, 148, 153, 148, 153, 148, 148, 153, 148, 148, 148, 148, 148, 148, 148, 148, 148, 148, 148, 148, 148, 153, 148, 148, 148, 148, 148, 153, 148, 153, 148, 153, 153, 148, 153, 153, 153, 153, 153]
0;javacc 154C.odem;154;[2.5,-1.0,0.5,2.5,];[10, 3, 6, 10];89.86;5005;2729;3002913 ; [153, 153, 153, 153, 153, 153, 153, 153, 153, 153, 153, 153, 153, 153, 153, 153, 153, 153, 153, 153, 153, 153, 153, 153, 153, 153, 153, 153, 153, 153, 153, 153, 153, 153, 153, 153, 153, 153, 153, 153, 153, 153, 153, 153, 153, 153, 153, 153, 153, 153, 153, 153, 153, 153, 153, 153, 153, 153, 153, 153, 153, 153, 153, 153, 153, 153, 153, 153, 153, 153, 153, 153, 153, 153, 153, 153, 153, 153, 153, 153, 153, 153, 153, 153, 153, 153, 102, 153, 153, 153, 153, 153, 153, 153, 153, 153, 153, 153, 153, 153, 153, 153, 102, 153, 153, 153, 153, 153, 153, 153, 153, 153, 153, 153, 153, 153, 153, 153, 153, 153, 153, 153, 153, 153, 153, 153, 153, 153, 153, 153, 153, 153, 153, 153, 153, 153, 153, 153, 153, 153, 153, 153, 153, 153, 153, 153, 153, 153, 153, 153, 153, 153, 153, 153]
6;xmldom 119C.odem;119;[-2.0,0.5,-0.5,-1.0,];[1, 6, 4, 3];67.27;5006;1357;1020649 ; [110, 110, 87, 110, 110, 87, 110, 110, 110, 87, 110, 110, 110, 110, 110, 110, 110, 87, 87, 110, 87, 110, 86, 110, 110, 86, 88, 110, 110, 86, 86, 110, 87, 86, 110, 112, 110, 87, 88, 88, 118, 88, 88, 86, 87, 88, 118, 88, 118, 110, 110, 110, 110, 110, 110, 110, 84, 110, 88, 84, 84, 84, 87, 110, 110, 86, 110, 87, 88, 84, 110, 86, 87, 88, 84, 110, 86, 87, 88, 84, 110, 86, 87, 88, 84, 110, 86, 87, 88, 89, 90, 91, 92, 93, 94, 95, 96, 97, 98, 110, 100, 101, 102, 103, 104, 106, 106, 107, 112, 111, 110, 111, 112, 116, 116, 116, 116, 118, 118]
3;tinytim 134C.odem;134;[2.5,-1.5,1.5,1.0,];[10, 2, 8, 7];61.6;5000;72;1409329 ; [0, 4, 73, 83, 4, 78, 6, 71, 71, 71, 71, 71, 71, 71, 71, 71, 71, 71, 123, 123, 123, 73, 123, 78, 83, 95, 83, 123, 30, 30, 30, 83, 82, 132, 132, 132, 132, 132, 71, 68, 69, 72, 72, 72, 72, 72, 72, 52, 52, 52, 52, 52, 52, 61, 71, 61, 61, 61, 71, 61, 61, 61, 71, 79, 64, 71, 71, 123, 68, 69, 70, 71, 72, 73, 74, 82, 78, 83, 78, 79, 83, 83, 82, 83, 93, 86, 86, 87, 94, 91, 91, 91, 94, 93, 94, 95, 120, 120, 120, 120, 120, 120, 120, 120, 120, 120, 120, 120, 120, 120, 120, 120, 120, 120, 120, 120, 120, 118, 118, 120, 120, 121, 122, 123, 130, 126, 126, 133, 128, 131, 130, 131, 132, 133]
0;JavaGeom 172C.odem;172;[2.0,0.0,0.5,0.5,];[9, 5, 6, 6];58.33;5005;3445;3385210 ; [2, 17, 2, 18, 17, 18, 13, 17, 18, 17, 15, 17, 17, 13, 15, 15, 17, 17, 18, 22, 22, 22, 22, 35, 35, 98, 35, 35, 151, 35, 35, 35, 35, 98, 34, 35, 90, 48, 48, 48, 48, 50, 48, 50, 90, 50, 50, 51, 48, 90, 50, 51, 105, 54, 54, 90, 62, 90, 59, 59, 64, 88, 62, 135, 64, 88, 135, 135, 90, 170, 107, 72, 72, 107, 75, 75, 98, 170, 117, 93, 93, 170, 170, 135, 93, 90, 90, 117, 88, 90, 90, 91, 135, 93, 133, 98, 105, 170, 98, 133, 170, 133, 133, 133, 170, 105, 107, 107, 128, 128, 128, 117, 117, 170, 170, 117, 117, 117, 170, 170, 170, 124, 124, 124, 124, 128, 128, 127, 128, 147, 135, 135, 133, 133, 147, 135, 136, 147, 147, 139, 141, 141, 142, 143, 144, 145, 151, 147, 150, 150, 150, 151, 155, 156, 155, 155, 156, 158, 158, 160, 160, 167, 163, 163, 167, 167, 167, 167, 169, 169, 170, 171]
1;xmlapi 184C.odem;184;[-2.5,0.5,-1.0,-2.5,];[0, 6, 3, 0];53.22;5006;1160;3876262 ; [183, 183, 183, 15, 15, 183, 183, 183, 17, 15, 16, 21, 95, 183, 15, 15, 16, 17, 21, 183, 21, 21, 183, 183, 183, 183, 183, 183, 183, 183, 30, 183, 32, 49, 50, 40, 40, 49, 49, 49, 40, 49, 49, 49, 49, 49, 49, 49, 49, 49, 50, 51, 52, 142, 183, 142, 142, 183, 71, 142, 142, 183, 142, 142, 142, 183, 183, 183, 142, 183, 71, 71, 183, 77, 77, 75, 76, 77, 183, 79, 183, 95, 95, 95, 95, 95, 95, 95, 95, 98, 90, 95, 183, 183, 183, 95, 98, 97, 98, 99, 100, 101, 102, 103, 104, 105, 106, 107, 108, 109, 110, 111, 112, 113, 114, 115, 116, 117, 118, 119, 120, 121, 122, 123, 124, 125, 126, 127, 128, 129, 130, 183, 132, 183, 134, 135, 136, 138, 138, 183, 183, 143, 142, 143, 183, 183, 183, 183, 183, 183, 183, 151, 152, 183, 183, 183, 183, 183, 183, 183, 183, 183, 183, 183, 183, 183, 183, 183, 183, 183, 170, 171, 183, 183, 183, 183, 176, 183, 183, 183, 183, 183, 183, 183]
2;xmlapi 184C.odem;184;[1.5,0.0,0.5,0.5,];[8, 5, 6, 6];49.71;5003;958;3881999 ; [49, 5, 5, 4, 4, 5, 183, 183, 17, 15, 16, 21, 13, 13, 14, 15, 16, 17, 20, 24, 20, 21, 24, 24, 24, 169, 31, 162, 162, 162, 30, 31, 32, 47, 50, 40, 40, 49, 46, 45, 40, 49, 47, 46, 46, 45, 46, 47, 48, 49, 50, 51, 52, 63, 183, 142, 63, 183, 71, 63, 63, 183, 62, 63, 64, 183, 66, 144, 68, 69, 71, 71, 150, 77, 77, 75, 77, 77, 150, 79, 150, 95, 95, 95, 95, 95, 95, 95, 95, 98, 90, 95, 95, 95, 95, 95, 98, 97, 98, 99, 100, 101, 102, 103, 104, 105, 106, 107, 108, 109, 110, 111, 112, 113, 114, 115, 116, 117, 118, 119, 120, 121, 122, 123, 124, 125, 126, 127, 128, 129, 130, 133, 132, 133, 134, 135, 136, 139, 139, 139, 144, 143, 142, 143, 144, 148, 148, 148, 148, 150, 150, 151, 152, 162, 160, 162, 160, 165, 160, 160, 160, 162, 162, 183, 183, 165, 167, 167, 168, 169, 170, 171, 183, 173, 175, 175, 176, 183, 183, 183, 180, 183, 183, 183]
7;xmldom 119C.odem;119;[-2.0,0.5,-0.5,-1.0,];[1, 6, 4, 3];67.27;5004;133;1529204 ; [66, 117, 66, 66, 66, 117, 117, 117, 117, 117, 117, 117, 117, 117, 118, 117, 66, 117, 66, 66, 118, 118, 117, 118, 117, 118, 117, 117, 118, 117, 118, 117, 118, 118, 118, 112, 118, 118, 117, 117, 117, 117, 117, 44, 44, 118, 117, 47, 118, 112, 117, 117, 117, 117, 117, 117, 117, 117, 58, 117, 117, 117, 118, 112, 66, 65, 66, 67, 68, 69, 70, 71, 72, 73, 74, 75, 76, 77, 78, 79, 80, 81, 82, 83, 84, 85, 86, 87, 88, 89, 90, 91, 92, 93, 94, 95, 96, 97, 98, 117, 100, 117, 102, 103, 104, 106, 106, 117, 112, 111, 118, 111, 112, 118, 117, 118, 118, 117, 118]
8;xmldom 119C.odem;119;[-2.0,0.5,-1.0,-2.0,];[1, 6, 3, 1];67.27;5002;29;1540314 ; [94, 94, 101, 94, 94, 94, 94, 94, 94, 94, 94, 94, 94, 94, 94, 96, 94, 94, 101, 94, 94, 94, 94, 110, 110, 94, 94, 94, 110, 94, 94, 110, 94, 94, 94, 112, 110, 94, 94, 94, 118, 96, 96, 94, 96, 96, 118, 101, 118, 94, 94, 101, 100, 102, 95, 95, 95, 95, 94, 103, 104, 94, 94, 94, 95, 94, 95, 94, 96, 101, 94, 94, 101, 100, 102, 95, 95, 95, 94, 103, 104, 94, 94, 95, 96, 101, 94, 94, 101, 100, 102, 103, 104, 94, 94, 95, 96, 101, 101, 101, 100, 101, 102, 103, 104, 106, 106, 107, 112, 111, 110, 111, 112, 116, 116, 116, 116, 118, 118]
4;tinytim 134C.odem;134;[1.5,2.5,-2.0,-1.0,];[8, 10, 1, 3];61.6;5008;968;2187713 ; [0, 130, 130, 130, 130, 130, 6, 66, 66, 66, 66, 66, 66, 66, 66, 66, 66, 66, 130, 130, 130, 130, 130, 130, 130, 95, 130, 130, 30, 30, 30, 130, 130, 132, 132, 132, 132, 132, 132, 68, 79, 72, 72, 72, 72, 72, 72, 79, 79, 130, 79, 79, 79, 61, 61, 61, 61, 61, 61, 61, 61, 61, 130, 79, 64, 66, 66, 130, 68, 79, 70, 130, 72, 130, 74, 130, 130, 130, 130, 79, 130, 130, 130, 130, 93, 86, 86, 87, 130, 91, 91, 91, 130, 93, 130, 95, 120, 120, 120, 120, 120, 120, 120, 120, 120, 120, 120, 120, 120, 120, 120, 120, 120, 120, 120, 120, 120, 130, 130, 120, 120, 121, 122, 130, 130, 126, 126, 133, 128, 131, 130, 131, 132, 133]
5;tinytim 134C.odem;134;[-0.5,0.0,-2.5,-1.5,];[4, 5, 0, 2];61.6;5006;590;2196779 ; [0, 131, 131, 131, 130, 131, 6, 131, 130, 130, 130, 130, 130, 130, 130, 130, 130, 69, 130, 69, 86, 130, 86, 69, 130, 69, 130, 79, 131, 131, 86, 69, 130, 79, 86, 69, 130, 131, 79, 131, 131, 131, 86, 69, 130, 79, 73, 131, 86, 69, 130, 79, 73, 131, 86, 69, 130, 79, 73, 86, 131, 72, 131, 131, 64, 131, 130, 130, 131, 69, 70, 131, 72, 73, 74, 75, 131, 131, 131, 79, 80, 81, 131, 131, 131, 131, 86, 87, 130, 89, 90, 131, 92, 93, 94, 131, 96, 97, 98, 99, 100, 101, 102, 103, 104, 105, 106, 107, 108, 109, 110, 111, 112, 113, 114, 115, 131, 117, 131, 131, 120, 121, 122, 131, 131, 125, 131, 131, 128, 129, 130, 131, 132, 133]
9;xmldom 119C.odem;119;[-2.0,0.5,-1.0,-2.0,];[1, 6, 3, 1];67.27;5004;1362;1097712 ; [117, 117, 117, 117, 117, 117, 117, 117, 117, 117, 117, 117, 117, 117, 117, 117, 117, 117, 117, 117, 117, 117, 117, 117, 117, 117, 117, 117, 117, 117, 117, 117, 117, 117, 117, 117, 117, 117, 117, 117, 117, 117, 117, 117, 117, 117, 117, 117, 117, 117, 117, 117, 117, 117, 117, 117, 117, 117, 117, 117, 117, 117, 117, 117, 117, 117, 117, 117, 117, 117, 117, 117, 117, 117, 117, 117, 117, 117, 117, 117, 117, 117, 117, 117, 117, 117, 117, 117, 117, 117, 117, 117, 117, 117, 117, 117, 117, 117, 117, 117, 117, 117, 117, 117, 117, 117, 117, 117, 117, 117, 117, 117, 117, 117, 117, 117, 117, 117, 118]
1;JavaGeom 172C.odem;172;[2.5,0.0,0.5,0.5,];[10, 5, 6, 6];58.33;5009;851;4438842 ; [171, 91, 91, 151, 171, 171, 171, 171, 171, 151, 145, 171, 151, 171, 145, 151, 171, 171, 62, 151, 151, 151, 151, 151, 62, 104, 151, 62, 151, 151, 151, 151, 62, 104, 171, 62, 151, 151, 151, 151, 151, 151, 151, 151, 90, 151, 151, 90, 151, 151, 151, 90, 151, 90, 90, 104, 62, 151, 62, 151, 104, 151, 62, 151, 104, 151, 151, 151, 151, 104, 151, 151, 151, 151, 151, 151, 169, 151, 169, 169, 169, 151, 151, 130, 151, 104, 90, 169, 151, 104, 90, 91, 151, 104, 151, 104, 151, 104, 104, 151, 151, 151, 151, 169, 104, 151, 151, 169, 128, 128, 128, 151, 151, 170, 168, 171, 168, 169, 151, 170, 151, 148, 148, 148, 148, 128, 128, 151, 128, 134, 130, 151, 151, 151, 134, 151, 171, 151, 151, 171, 171, 171, 171, 171, 151, 145, 148, 151, 148, 155, 151, 151, 155, 155, 163, 155, 163, 168, 168, 168, 168, 163, 163, 163, 168, 168, 168, 168, 168, 169, 170, 171]
2;JavaGeom 172C.odem;172;[0.5,0.0,2.5,2.5,];[6, 5, 10, 10];58.33;5003;2545;4440820 ; [168, 171, 127, 136, 171, 142, 143, 144, 145, 171, 171, 171, 171, 171, 171, 171, 171, 168, 171, 171, 171, 168, 171, 171, 168, 171, 171, 171, 168, 168, 168, 168, 171, 168, 168, 171, 171, 168, 168, 168, 171, 168, 168, 168, 168, 171, 171, 168, 171, 168, 168, 171, 168, 171, 171, 171, 171, 57, 168, 168, 171, 168, 171, 171, 64, 171, 66, 67, 171, 69, 70, 171, 168, 171, 168, 75, 168, 77, 78, 171, 168, 171, 168, 83, 171, 168, 171, 87, 171, 171, 171, 171, 92, 168, 94, 171, 96, 168, 171, 99, 168, 101, 102, 103, 171, 105, 171, 168, 108, 109, 110, 168, 168, 113, 114, 115, 168, 171, 171, 119, 120, 171, 171, 171, 168, 125, 168, 127, 128, 129, 130, 131, 168, 133, 134, 171, 136, 137, 138, 171, 171, 168, 142, 143, 144, 145, 168, 171, 171, 171, 168, 171, 168, 171, 168, 171, 171, 171, 168, 159, 160, 161, 171, 163, 164, 168, 166, 171, 168, 171, 171, 171]
2;JMetal 190C.odem;190;[2.0,0.0,-2.0,2.5,];[9, 5, 1, 10];42.61;5003;1513;4442453 ; [96, 96, 96, 96, 96, 96, 96, 96, 51, 96, 96, 51, 51, 51, 51, 51, 51, 51, 51, 51, 51, 51, 146, 51, 51, 58, 58, 64, 67, 96, 58, 166, 96, 96, 62, 51, 150, 67, 165, 166, 156, 58, 166, 166, 96, 64, 96, 96, 155, 96, 144, 51, 159, 96, 155, 166, 66, 96, 58, 96, 67, 145, 62, 96, 64, 66, 66, 67, 96, 145, 96, 145, 145, 156, 99, 96, 96, 96, 156, 145, 156, 100, 164, 104, 105, 96, 116, 96, 117, 119, 120, 153, 156, 156, 95, 95, 96, 99, 99, 99, 100, 164, 159, 149, 104, 105, 146, 163, 163, 159, 146, 152, 163, 116, 116, 116, 116, 117, 146, 119, 120, 162, 153, 150, 150, 150, 152, 127, 150, 152, 150, 139, 137, 160, 142, 143, 142, 137, 142, 139, 142, 142, 142, 143, 144, 145, 146, 147, 148, 149, 150, 152, 152, 153, 158, 155, 156, 158, 158, 159, 160, 162, 162, 163, 164, 165, 166, 173, 172, 173, 172, 172, 172, 173, 174, 175, 186, 186, 178, 186, 180, 183, 183, 183, 184, 185, 186, 187, 188, 189]
6;tinytim 134C.odem;134;[-1.0,0.5,-1.5,-1.0,];[3, 6, 2, 3];61.6;5002;75;1615014 ; [123, 123, 30, 123, 123, 132, 123, 121, 121, 121, 129, 129, 121, 121, 121, 121, 121, 121, 123, 123, 123, 123, 123, 132, 123, 132, 123, 123, 30, 121, 30, 123, 123, 106, 132, 132, 132, 132, 132, 68, 129, 129, 129, 129, 129, 129, 129, 129, 129, 129, 129, 129, 129, 68, 129, 68, 68, 68, 129, 68, 68, 68, 129, 129, 123, 129, 121, 68, 68, 129, 123, 106, 129, 132, 132, 123, 132, 123, 129, 129, 123, 121, 123, 123, 123, 108, 108, 123, 123, 91, 121, 91, 123, 123, 123, 132, 130, 130, 130, 108, 108, 106, 106, 106, 106, 106, 106, 108, 108, 129, 132, 132, 132, 132, 130, 129, 130, 133, 133, 129, 123, 121, 129, 123, 133, 130, 130, 130, 129, 129, 130, 132, 132, 133]
3;javacc 154C.odem;154;[-2.5,1.0,-0.5,-2.0,];[0, 7, 4, 1];89.86;5005;391;2457080 ; [153, 153, 72, 153, 153, 153, 153, 153, 153, 148, 148, 148, 152, 148, 148, 152, 152, 152, 152, 152, 152, 152, 152, 152, 152, 152, 152, 152, 148, 152, 152, 148, 152, 152, 148, 148, 152, 148, 152, 152, 152, 152, 152, 152, 152, 152, 152, 152, 152, 152, 152, 152, 152, 152, 152, 152, 153, 148, 152, 148, 153, 153, 148, 153, 152, 152, 148, 153, 148, 153, 139, 153, 72, 153, 152, 148, 148, 152, 148, 153, 153, 148, 148, 148, 153, 148, 153, 153, 148, 152, 148, 148, 148, 152, 148, 153, 153, 152, 153, 153, 148, 139, 153, 152, 148, 139, 148, 148, 153, 148, 153, 148, 148, 153, 148, 153, 139, 153, 148, 153, 139, 139, 153, 123, 148, 125, 139, 148, 148, 152, 148, 152, 148, 148, 152, 148, 153, 137, 138, 139, 140, 141, 153, 148, 153, 148, 153, 153, 148, 152, 152, 152, 152, 153]
0;dom4j-1.5.2 195C.odem;195;[-1.5,0.0,-2.0,-0.5,];[2, 5, 1, 4];48.89;5008;150;4797696 ; [194, 194, 194, 194, 194, 194, 12, 194, 194, 194, 194, 12, 12, 194, 194, 194, 194, 194, 194, 194, 194, 194, 194, 23, 194, 25, 194, 194, 194, 194, 194, 194, 194, 194, 194, 194, 36, 194, 194, 194, 194, 194, 194, 194, 194, 194, 194, 194, 194, 194, 194, 194, 194, 53, 54, 55, 56, 57, 194, 194, 194, 194, 194, 194, 64, 65, 194, 194, 194, 194, 70, 71, 194, 74, 74, 194, 194, 194, 194, 194, 194, 194, 194, 83, 194, 85, 194, 194, 194, 194, 194, 91, 194, 194, 194, 95, 194, 194, 194, 194, 194, 194, 102, 194, 194, 194, 194, 194, 194, 109, 110, 111, 194, 113, 194, 194, 194, 194, 194, 119, 120, 194, 194, 194, 124, 125, 194, 127, 128, 129, 194, 194, 194, 194, 134, 135, 194, 194, 194, 194, 140, 141, 194, 194, 194, 194, 194, 194, 194, 194, 194, 194, 194, 194, 194, 194, 194, 194, 194, 194, 194, 194, 194, 194, 194, 194, 194, 194, 194, 194, 194, 194, 194, 194, 194, 194, 194, 194, 194, 194, 194, 194, 182, 194, 194, 185, 186, 194, 194, 189, 190, 194, 194, 194, 194]
0;pdf_renderer 199C.odem;199;[0.5,0.0,1.5,2.0,];[6, 5, 8, 9];71.96;5008;523;4987322 ; [68, 195, 179, 67, 68, 96, 183, 179, 195, 182, 177, 177, 195, 182, 195, 195, 195, 195, 177, 182, 179, 195, 177, 68, 96, 183, 195, 179, 195, 68, 183, 68, 195, 177, 195, 177, 195, 195, 177, 179, 179, 67, 52, 63, 67, 52, 52, 67, 63, 52, 65, 195, 52, 58, 58, 58, 61, 61, 58, 61, 61, 61, 67, 63, 67, 65, 67, 67, 68, 195, 195, 195, 195, 177, 195, 195, 195, 195, 177, 195, 195, 195, 96, 195, 195, 177, 195, 177, 195, 96, 96, 183, 195, 177, 177, 177, 96, 177, 177, 111, 177, 183, 183, 183, 110, 111, 111, 183, 111, 111, 110, 111, 131, 195, 195, 195, 195, 131, 195, 195, 131, 195, 131, 131, 131, 131, 131, 131, 131, 131, 195, 131, 143, 143, 143, 143, 143, 143, 143, 143, 143, 143, 143, 143, 182, 182, 182, 182, 182, 177, 182, 182, 182, 182, 182, 182, 182, 182, 182, 182, 182, 182, 182, 182, 182, 182, 182, 182, 182, 182, 182, 195, 182, 195, 195, 182, 195, 177, 182, 179, 182, 182, 182, 183, 193, 193, 193, 193, 193, 193, 193, 197, 197, 193, 197, 195, 197, 197, 198]
1;pdf_renderer 199C.odem;199;[-2.0,-0.5,-2.5,-2.5,];[1, 4, 0, 0];72.49;5001;1029;5015039 ; [26, 32, 26, 26, 4, 96, 180, 96, 118, 180, 180, 180, 12, 26, 36, 118, 32, 26, 118, 32, 26, 118, 35, 26, 96, 183, 26, 118, 36, 118, 180, 118, 32, 180, 118, 35, 36, 118, 118, 118, 66, 63, 45, 63, 63, 45, 63, 63, 63, 55, 56, 59, 63, 66, 58, 55, 56, 65, 58, 59, 61, 61, 66, 63, 65, 65, 66, 67, 68, 118, 180, 180, 84, 82, 118, 180, 84, 83, 180, 180, 180, 180, 82, 83, 84, 180, 180, 180, 118, 124, 90, 91, 92, 118, 118, 118, 96, 100, 100, 109, 100, 180, 180, 180, 111, 111, 111, 180, 111, 109, 111, 111, 180, 148, 148, 148, 121, 121, 118, 121, 148, 121, 131, 131, 124, 131, 131, 131, 131, 131, 148, 131, 169, 169, 169, 169, 148, 169, 169, 169, 169, 169, 143, 143, 169, 169, 169, 169, 148, 169, 169, 169, 169, 169, 169, 169, 169, 169, 169, 169, 169, 169, 169, 169, 169, 169, 169, 169, 169, 169, 170, 171, 172, 173, 174, 181, 176, 177, 178, 179, 180, 181, 183, 183, 189, 197, 197, 198, 198, 189, 197, 197, 198, 197, 197, 195, 197, 197, 198]
0;xmlapi 184C.odem;184;[-2.5,0.5,-1.0,-2.5,];[0, 6, 3, 0];53.22;5005;2123;5014112 ; [49, 5, 5, 4, 4, 5, 183, 183, 17, 15, 16, 21, 13, 13, 14, 15, 16, 17, 20, 24, 20, 21, 24, 24, 24, 169, 31, 162, 162, 162, 30, 31, 32, 47, 50, 40, 36, 49, 46, 45, 40, 49, 47, 46, 46, 45, 46, 47, 48, 49, 50, 51, 52, 63, 183, 142, 63, 183, 71, 63, 63, 183, 62, 63, 64, 183, 66, 144, 68, 69, 71, 71, 150, 77, 77, 75, 76, 77, 150, 79, 150, 95, 95, 95, 95, 95, 95, 95, 95, 98, 90, 95, 95, 95, 95, 95, 98, 97, 98, 99, 100, 101, 102, 103, 104, 105, 106, 107, 108, 109, 110, 111, 112, 113, 114, 115, 116, 117, 118, 119, 120, 121, 122, 123, 124, 125, 126, 127, 128, 129, 130, 133, 132, 133, 134, 135, 136, 139, 139, 139, 144, 143, 142, 143, 144, 148, 148, 148, 148, 150, 150, 151, 152, 162, 160, 162, 160, 165, 160, 160, 160, 162, 162, 183, 183, 165, 167, 167, 168, 169, 170, 171, 183, 173, 175, 175, 176, 183, 183, 183, 180, 183, 183, 183]
1;JMetal 190C.odem;190;[2.5,0.0,-2.0,2.5,];[10, 5, 1, 10];42.61;5001;32;5740226 ; [1, 1, 5, 68, 6, 5, 6, 7, 12, 21, 10, 11, 12, 20, 14, 19, 17, 17, 18, 19, 20, 21, 163, 23, 24, 70, 166, 145, 67, 70, 145, 39, 67, 70, 67, 35, 68, 67, 165, 39, 156, 145, 166, 166, 145, 145, 53, 53, 155, 68, 156, 53, 163, 53, 155, 55, 66, 66, 145, 67, 67, 145, 67, 70, 145, 66, 66, 67, 68, 145, 70, 145, 145, 163, 99, 79, 78, 78, 78, 79, 163, 163, 164, 104, 163, 163, 116, 163, 163, 163, 156, 163, 163, 163, 156, 156, 99, 163, 99, 99, 163, 164, 163, 149, 104, 163, 163, 163, 163, 163, 163, 163, 163, 116, 116, 116, 116, 163, 163, 163, 156, 162, 163, 163, 163, 163, 152, 127, 163, 152, 163, 163, 137, 160, 142, 143, 142, 137, 142, 163, 141, 141, 142, 143, 156, 145, 163, 147, 148, 149, 163, 152, 152, 163, 158, 155, 156, 158, 158, 163, 160, 162, 162, 163, 164, 165, 166, 173, 172, 173, 172, 172, 172, 173, 175, 175, 179, 186, 186, 179, 180, 183, 183, 183, 185, 185, 186, 189, 188, 189]
0;JMetal 190C.odem;190;[-2.5,-0.5,-0.5,-2.5,];[0, 4, 4, 0];45.45;5008;211;5765528 ; [0, 1, 2, 3, 4, 5, 6, 7, 20, 21, 10, 11, 20, 13, 14, 15, 16, 17, 18, 19, 20, 21, 22, 23, 24, 25, 26, 27, 28, 29, 30, 31, 32, 33, 34, 35, 36, 37, 38, 39, 40, 41, 42, 43, 44, 45, 46, 47, 48, 49, 50, 51, 52, 53, 54, 55, 56, 57, 58, 59, 60, 61, 62, 63, 64, 65, 66, 67, 68, 69, 70, 71, 72, 73, 74, 75, 76, 77, 78, 79, 80, 81, 82, 83, 84, 85, 86, 87, 88, 89, 90, 91, 92, 93, 94, 95, 96, 97, 98, 99, 100, 101, 102, 103, 104, 105, 106, 107, 108, 109, 110, 111, 112, 113, 114, 115, 116, 117, 118, 119, 120, 121, 122, 123, 124, 125, 126, 127, 128, 129, 130, 131, 132, 133, 134, 135, 136, 137, 138, 139, 140, 141, 142, 143, 144, 145, 146, 147, 148, 149, 150, 151, 152, 153, 154, 155, 156, 157, 158, 159, 160, 161, 162, 163, 164, 165, 166, 167, 168, 169, 170, 171, 172, 173, 174, 175, 179, 179, 178, 179, 180, 181, 182, 183, 184, 185, 186, 187, 188, 189]
7;tinytim 134C.odem;134;[2.0,-1.5,1.5,1.0,];[9, 2, 8, 7];61.6;5004;425;1981984 ; [0, 83, 73, 83, 83, 123, 6, 66, 66, 66, 66, 66, 66, 66, 66, 66, 66, 66, 123, 123, 123, 73, 123, 123, 83, 95, 83, 123, 30, 30, 30, 83, 123, 132, 132, 132, 132, 132, 132, 68, 69, 72, 72, 72, 72, 72, 72, 79, 79, 123, 79, 79, 79, 61, 61, 61, 61, 61, 61, 61, 61, 61, 123, 79, 64, 66, 66, 123, 68, 69, 70, 123, 72, 73, 74, 123, 123, 83, 123, 79, 83, 83, 123, 83, 93, 86, 86, 87, 123, 91, 91, 91, 123, 93, 123, 95, 120, 120, 120, 120, 120, 120, 120, 120, 120, 106, 106, 120, 120, 120, 113, 113, 113, 113, 120, 120, 120, 130, 130, 120, 120, 121, 122, 123, 130, 126, 126, 133, 128, 131, 130, 131, 132, 133]
4;javacc 154C.odem;154;[2.5,-1.0,0.5,2.0,];[10, 3, 6, 9];89.86;5007;958;3147033 ; [153, 153, 148, 153, 153, 153, 153, 153, 153, 148, 148, 148, 152, 148, 148, 152, 152, 152, 152, 152, 152, 152, 152, 152, 152, 152, 152, 152, 148, 152, 152, 148, 152, 152, 148, 148, 152, 148, 152, 152, 152, 152, 152, 152, 152, 152, 152, 152, 152, 152, 152, 152, 152, 152, 152, 152, 153, 148, 152, 148, 153, 153, 148, 153, 152, 152, 148, 153, 148, 153, 139, 153, 153, 153, 152, 148, 148, 152, 148, 153, 153, 148, 148, 148, 153, 148, 148, 153, 148, 152, 148, 148, 148, 152, 148, 153, 153, 152, 153, 153, 148, 139, 153, 152, 148, 139, 148, 148, 153, 148, 153, 148, 148, 153, 148, 153, 139, 153, 148, 153, 139, 139, 153, 123, 148, 125, 139, 148, 148, 152, 148, 152, 148, 148, 152, 148, 153, 137, 138, 139, 140, 141, 153, 148, 153, 148, 153, 153, 148, 152, 152, 152, 152, 153]
8;tinytim 134C.odem;134;[-1.0,2.0,-2.0,-1.0,];[3, 9, 1, 3];61.6;5009;422;1989668 ; [131, 131, 75, 133, 133, 133, 131, 131, 131, 131, 131, 131, 131, 131, 131, 131, 131, 133, 131, 133, 88, 131, 88, 133, 131, 133, 131, 131, 88, 133, 131, 88, 133, 131, 88, 133, 75, 131, 133, 131, 131, 131, 88, 75, 88, 75, 133, 131, 75, 88, 75, 88, 133, 131, 88, 75, 88, 75, 88, 75, 131, 133, 131, 131, 75, 131, 133, 75, 131, 133, 133, 131, 133, 133, 133, 75, 131, 131, 131, 133, 133, 81, 131, 131, 131, 131, 133, 133, 88, 133, 133, 131, 92, 93, 94, 131, 133, 97, 98, 99, 133, 101, 102, 103, 104, 133, 133, 107, 108, 109, 133, 133, 112, 133, 133, 115, 131, 131, 118, 131, 120, 131, 131, 131, 131, 133, 131, 131, 131, 133, 133, 131, 133, 133]
5;javacc 154C.odem;154;[2.5,-1.0,0.5,2.0,];[10, 3, 6, 9];89.86;5008;541;3144223 ; [132, 10, 72, 3, 4, 100, 100, 112, 152, 11, 10, 11, 112, 39, 77, 71, 71, 81, 77, 81, 77, 77, 77, 77, 77, 77, 71, 77, 70, 56, 90, 79, 56, 81, 35, 35, 59, 77, 77, 39, 77, 71, 77, 71, 71, 77, 71, 77, 71, 71, 77, 71, 77, 71, 71, 77, 56, 73, 90, 59, 90, 77, 115, 71, 79, 71, 71, 71, 80, 71, 70, 71, 72, 73, 115, 81, 90, 77, 79, 79, 80, 81, 87, 113, 89, 152, 86, 87, 136, 89, 90, 99, 146, 99, 99, 99, 99, 152, 147, 99, 100, 153, 102, 132, 136, 114, 114, 132, 114, 122, 111, 111, 112, 113, 114, 115, 146, 120, 120, 120, 120, 152, 122, 132, 152, 144, 128, 152, 128, 136, 131, 131, 132, 136, 136, 146, 136, 152, 152, 152, 152, 149, 152, 152, 144, 146, 146, 147, 152, 149, 152, 152, 152, 153]
1;dom4j-1.5.2 195C.odem;195;[-1.5,-0.5,-0.5,-1.5,];[2, 4, 4, 2];51.11;5009;630;6185137 ; [114, 114, 3, 3, 114, 9, 6, 193, 114, 9, 21, 12, 12, 114, 21, 193, 175, 114, 114, 114, 177, 21, 175, 23, 114, 25, 177, 177, 177, 177, 177, 175, 193, 160, 193, 193, 36, 193, 177, 50, 170, 171, 193, 193, 159, 50, 193, 162, 50, 50, 50, 173, 174, 53, 54, 55, 56, 57, 59, 59, 72, 114, 177, 176, 64, 65, 69, 69, 176, 69, 70, 71, 72, 74, 74, 176, 90, 79, 79, 79, 90, 82, 82, 83, 114, 85, 88, 88, 88, 90, 90, 91, 194, 96, 96, 95, 96, 101, 100, 101, 100, 101, 102, 107, 107, 108, 193, 107, 108, 109, 110, 111, 118, 113, 114, 118, 121, 121, 118, 119, 120, 121, 126, 126, 124, 125, 126, 127, 128, 129, 175, 154, 133, 133, 134, 135, 139, 193, 139, 139, 140, 141, 154, 154, 153, 153, 153, 153, 153, 153, 153, 153, 153, 153, 154, 177, 170, 171, 193, 159, 160, 172, 162, 173, 174, 168, 168, 168, 168, 177, 170, 171, 172, 173, 174, 175, 176, 177, 193, 193, 181, 181, 182, 184, 184, 185, 186, 188, 188, 189, 190, 192, 192, 193, 194]
2;dom4j-1.5.2 195C.odem;195;[1.5,0.5,0.5,2.5,];[8, 6, 6, 10];50.56;5006;1244;6186208 ; [175, 114, 3, 3, 114, 9, 6, 194, 114, 9, 21, 21, 21, 114, 114, 106, 175, 114, 114, 114, 177, 21, 114, 23, 114, 25, 177, 177, 177, 177, 177, 175, 175, 175, 175, 175, 36, 179, 177, 50, 170, 171, 158, 46, 159, 50, 46, 162, 50, 50, 50, 173, 174, 53, 54, 55, 56, 57, 59, 59, 72, 114, 176, 75, 64, 65, 69, 69, 75, 69, 70, 71, 72, 106, 106, 75, 90, 79, 79, 79, 90, 82, 82, 83, 114, 85, 177, 177, 177, 90, 90, 91, 194, 96, 96, 95, 96, 101, 100, 101, 100, 101, 102, 107, 107, 108, 106, 107, 108, 109, 110, 111, 121, 113, 114, 121, 121, 121, 121, 121, 120, 121, 145, 145, 124, 125, 145, 127, 128, 129, 175, 142, 133, 133, 134, 135, 139, 178, 139, 139, 140, 141, 142, 154, 181, 145, 181, 181, 181, 181, 181, 181, 181, 181, 154, 177, 170, 171, 158, 159, 175, 172, 162, 173, 174, 168, 168, 168, 168, 177, 170, 171, 172, 173, 174, 175, 176, 177, 178, 179, 194, 181, 182, 194, 184, 185, 186, 194, 194, 189, 190, 192, 192, 194, 194]
9;tinytim 134C.odem;134;[-2.0,1.5,-1.0,-0.5,];[1, 8, 3, 4];61.6;5000;20;1487579 ; [121, 121, 93, 70, 83, 87, 121, 122, 128, 122, 122, 122, 122, 122, 122, 122, 122, 122, 121, 70, 121, 93, 82, 76, 83, 119, 80, 123, 93, 93, 93, 83, 82, 132, 132, 132, 132, 132, 73, 68, 69, 72, 72, 72, 72, 72, 72, 52, 52, 52, 52, 52, 52, 61, 61, 61, 61, 61, 61, 61, 61, 61, 62, 79, 93, 65, 66, 67, 68, 69, 70, 71, 72, 73, 83, 82, 76, 83, 78, 79, 80, 81, 82, 83, 93, 85, 86, 87, 94, 91, 91, 91, 94, 93, 94, 119, 119, 119, 119, 119, 119, 101, 102, 119, 104, 119, 119, 119, 108, 109, 119, 119, 119, 119, 114, 115, 119, 130, 130, 119, 120, 121, 122, 123, 130, 126, 126, 133, 128, 131, 130, 131, 132, 133]
2;pdf_renderer 199C.odem;199;[-1.0,1.5,-0.5,-2.0,];[3, 8, 4, 1];72.49;5006;2222;6405164 ; [90, 179, 67, 68, 90, 180, 180, 170, 180, 180, 180, 180, 179, 179, 177, 178, 179, 195, 180, 177, 20, 35, 35, 23, 180, 35, 26, 27, 177, 29, 30, 90, 32, 33, 90, 35, 36, 37, 38, 39, 66, 143, 61, 143, 143, 61, 143, 143, 143, 143, 143, 143, 61, 53, 54, 143, 143, 143, 58, 143, 61, 61, 66, 143, 143, 143, 66, 67, 68, 74, 71, 71, 84, 180, 74, 81, 84, 180, 180, 80, 80, 81, 180, 180, 84, 180, 180, 180, 90, 180, 90, 180, 180, 180, 180, 95, 180, 100, 100, 111, 100, 101, 102, 103, 111, 111, 111, 107, 111, 111, 111, 111, 180, 180, 180, 180, 121, 121, 121, 121, 180, 121, 131, 131, 180, 131, 131, 131, 131, 131, 180, 131, 132, 133, 134, 135, 180, 137, 138, 139, 140, 141, 143, 143, 144, 145, 146, 147, 180, 149, 150, 151, 152, 153, 154, 155, 156, 157, 158, 159, 160, 161, 162, 163, 164, 165, 166, 167, 168, 169, 170, 180, 180, 180, 179, 175, 179, 177, 178, 179, 180, 181, 183, 183, 184, 197, 197, 198, 198, 189, 197, 197, 198, 197, 197, 195, 197, 197, 198]
3;JavaGeom 172C.odem;172;[2.0,0.0,0.5,0.5,];[9, 5, 6, 6];58.33;5000;226;3224719 ; [54, 54, 54, 54, 54, 54, 54, 54, 54, 54, 54, 16, 16, 54, 54, 54, 16, 54, 54, 54, 54, 54, 54, 153, 153, 153, 153, 153, 151, 153, 153, 153, 153, 153, 34, 153, 147, 147, 147, 147, 147, 147, 147, 50, 147, 50, 50, 147, 147, 147, 50, 147, 153, 54, 54, 147, 62, 147, 59, 59, 64, 88, 62, 153, 64, 88, 153, 153, 147, 147, 107, 72, 72, 107, 153, 153, 153, 153, 153, 153, 153, 153, 153, 147, 153, 153, 153, 153, 88, 153, 153, 91, 153, 153, 153, 153, 153, 153, 153, 153, 153, 102, 102, 133, 153, 153, 107, 107, 153, 153, 153, 153, 153, 170, 153, 153, 153, 153, 153, 170, 147, 153, 153, 153, 153, 153, 153, 127, 153, 147, 153, 147, 133, 133, 147, 153, 136, 147, 147, 139, 147, 147, 142, 153, 153, 153, 151, 147, 150, 150, 150, 151, 169, 153, 154, 169, 156, 158, 158, 160, 160, 167, 163, 163, 167, 167, 167, 167, 169, 169, 170, 171]
6;javacc 154C.odem;154;[2.5,-1.0,0.5,2.0,];[10, 3, 6, 9];89.86;5007;196;2152121 ; [124, 122, 90, 124, 122, 113, 113, 113, 136, 113, 122, 113, 113, 39, 77, 77, 77, 81, 77, 35, 77, 77, 77, 77, 77, 77, 77, 77, 115, 56, 90, 39, 56, 81, 35, 35, 59, 77, 77, 39, 77, 77, 77, 77, 77, 77, 77, 77, 77, 77, 77, 77, 77, 77, 77, 77, 56, 77, 90, 59, 90, 77, 115, 77, 79, 77, 77, 67, 80, 69, 115, 71, 90, 77, 115, 81, 90, 77, 79, 79, 80, 81, 87, 113, 89, 87, 90, 87, 136, 89, 90, 99, 146, 99, 99, 99, 99, 127, 147, 99, 113, 153, 124, 111, 136, 132, 114, 124, 132, 122, 111, 111, 113, 113, 114, 115, 135, 120, 120, 120, 120, 124, 122, 124, 124, 144, 128, 127, 128, 136, 136, 136, 132, 146, 136, 135, 136, 152, 148, 143, 151, 149, 150, 143, 144, 146, 146, 147, 148, 149, 150, 151, 152, 153]
