cicle;instance;nclasses;solutionreal;solution;mojo;evalsconsumed;besteval;time;cluster
0;notepad-model 46C.odem;46;[2.0,-1.5,0.0,0.0,0.0,2.0,-2.5,1.5,0.5,-1.5,];[9, 2, 5, 5, 5, 9, 0, 8, 6, 2];100.0;1;0;3 ; [44, 44, 44, 44, 44, 44, 44, 44, 44, 44, 44, 44, 44, 44, 44, 44, 44, 44, 44, 44, 44, 44, 44, 44, 44, 44, 44, 44, 44, 44, 44, 44, 44, 44, 44, 44, 44, 44, 44, 44, 44, 44, 44, 44, 44, 45];[[true, true, false, false, false, true, true, true, false, true, true, false, false, false, true, true, true, false]];
0;notepad-model 46C.odem;46;[1.0,-2.0,1.0,2.5,-2.0,-1.5,0.5,-0.5,1.5,1.0,];[7, 1, 7, 10, 1, 2, 6, 4, 8, 7];100.0;11;11;30 ; [44, 44, 44, 44, 44, 44, 44, 44, 44, 44, 44, 44, 44, 44, 44, 44, 44, 44, 44, 44, 44, 44, 44, 44, 44, 44, 44, 44, 44, 44, 44, 44, 44, 44, 44, 44, 44, 44, 44, 44, 44, 44, 44, 44, 44, 45];[[false, false, true, true, true, true, true, false, false, false, false, true, true, true, true, true, false, false]];
0;notepad-model 46C.odem;46;[0.5,-2.5,0.0,-2.0,2.0,1.0,-2.5,-1.0,-2.5,0.5,];[6, 0, 5, 1, 9, 7, 0, 3, 0, 6];100.0;26;26;375 ; [44, 44, 44, 44, 44, 44, 44, 44, 44, 44, 44, 44, 44, 44, 44, 44, 44, 44, 44, 44, 44, 44, 44, 44, 44, 44, 44, 44, 44, 44, 44, 44, 44, 44, 44, 44, 44, 44, 44, 44, 44, 44, 44, 44, 44, 45];[[true, true, false, false, false, false, true, true, true, true, true, false, false, false, false, true, true, true]];
0;notepad-model 46C.odem;46;[-2.0,2.5,2.0,0.5,-2.0,1.0,1.0,1.0,-1.5,0.0,];[1, 10, 9, 6, 1, 7, 7, 7, 2, 5];100.0;64;64;1656 ; [44, 44, 44, 44, 44, 44, 44, 44, 44, 44, 44, 44, 44, 44, 44, 44, 44, 44, 44, 44, 44, 44, 44, 44, 44, 44, 44, 44, 44, 44, 44, 44, 44, 44, 44, 44, 44, 44, 44, 44, 44, 44, 44, 44, 44, 45];[[true, true, true, false, true, false, true, false, false, true, true, true, false, true, false, true, false, false]];
0;notepad-model 46C.odem;46;[-2.0,-1.5,-2.0,-1.0,1.0,-1.5,-1.5,-2.0,0.0,0.5,];[1, 2, 1, 3, 7, 2, 2, 1, 5, 6];100.0;21;21;423 ; [44, 44, 44, 44, 44, 44, 44, 44, 44, 44, 44, 44, 44, 44, 44, 44, 44, 44, 44, 44, 44, 44, 44, 44, 44, 44, 44, 44, 44, 44, 44, 44, 44, 44, 44, 44, 44, 44, 44, 44, 44, 44, 44, 44, 44, 45];[[true, false, true, false, true, false, true, true, false, true, false, true, false, true, false, true, true, false]];
0;notepad-model 46C.odem;46;[1.5,-2.5,-1.0,0.5,-0.5,2.0,2.0,-1.0,0.5,-1.5,];[8, 0, 3, 6, 4, 9, 9, 3, 6, 2];100.0;48;48;1242 ; [44, 44, 44, 44, 44, 44, 44, 44, 44, 44, 44, 44, 44, 44, 44, 44, 44, 44, 44, 44, 44, 44, 44, 44, 44, 44, 44, 44, 44, 44, 44, 44, 44, 44, 44, 44, 44, 44, 44, 44, 44, 44, 44, 44, 44, 45];[[false, true, true, false, false, true, true, true, false, false, true, true, false, false, true, true, true, false]];
0;notepad-model 46C.odem;46;[-1.0,2.5,0.0,-1.0,0.0,-2.5,0.0,1.0,0.0,1.5,];[3, 10, 5, 3, 5, 0, 5, 7, 5, 8];100.0;75;75;1927 ; [44, 44, 44, 44, 44, 44, 44, 44, 44, 44, 44, 44, 44, 44, 44, 44, 44, 44, 44, 44, 44, 44, 44, 44, 44, 44, 44, 44, 44, 44, 44, 44, 44, 44, 44, 44, 44, 44, 44, 44, 44, 44, 44, 44, 44, 45];[[true, false, true, false, true, false, true, false, true, true, false, true, false, true, false, true, false, true]];
0;notepad-model 46C.odem;46;[2.0,-1.0,1.0,0.0,2.0,0.5,1.5,1.0,2.0,2.0,];[9, 3, 7, 5, 9, 6, 8, 7, 9, 9];100.0;31;31;1031 ; [44, 44, 44, 44, 44, 44, 44, 44, 44, 44, 44, 44, 44, 44, 44, 44, 44, 44, 44, 44, 44, 44, 44, 44, 44, 44, 44, 44, 44, 44, 44, 44, 44, 44, 44, 44, 44, 44, 44, 44, 44, 44, 44, 44, 44, 45];[[false, true, true, false, true, false, true, true, false, false, true, true, false, true, false, true, true, false]];
0;notepad-model 46C.odem;46;[1.0,1.0,2.5,-0.5,1.5,0.0,-1.5,0.0,1.0,-1.0,];[7, 7, 10, 4, 8, 5, 2, 5, 7, 3];100.0;1;0;676 ; [44, 44, 44, 44, 44, 44, 44, 44, 44, 44, 44, 44, 44, 44, 44, 44, 44, 44, 44, 44, 44, 44, 44, 44, 44, 44, 44, 44, 44, 44, 44, 44, 44, 44, 44, 44, 44, 44, 44, 44, 44, 44, 44, 44, 44, 45];[[false, true, false, true, false, true, true, true, false, false, true, false, true, false, true, true, true, false]];
0;notepad-model 46C.odem;46;[-1.0,-1.5,-2.0,-1.0,-1.0,-1.0,1.0,0.5,0.0,-0.5,];[3, 2, 1, 3, 3, 3, 7, 6, 5, 4];100.0;111;111;3834 ; [44, 44, 44, 44, 44, 44, 44, 44, 44, 44, 44, 44, 44, 44, 44, 44, 44, 44, 44, 44, 44, 44, 44, 44, 44, 44, 44, 44, 44, 44, 44, 44, 44, 44, 44, 44, 44, 44, 44, 44, 44, 44, 44, 44, 44, 45];[[false, true, false, true, true, false, true, true, false, false, true, false, true, true, false, true, true, false]];
0;notepad-model 46C.odem;46;[-1.0,2.5,-2.5,-1.5,-0.5,-1.0,2.0,0.5,0.5,-1.0,];[3, 10, 0, 2, 4, 3, 9, 6, 6, 3];100.0;57;57;3279 ; [44, 44, 44, 44, 44, 44, 44, 44, 44, 44, 44, 44, 44, 44, 44, 44, 44, 44, 44, 44, 44, 44, 44, 44, 44, 44, 44, 44, 44, 44, 44, 44, 44, 44, 44, 44, 44, 44, 44, 44, 44, 44, 44, 44, 44, 45];[[false, false, false, true, false, true, true, true, true, false, false, false, true, false, true, true, true, true]];
0;notepad-model 46C.odem;46;[1.5,2.5,-0.5,-0.5,-1.5,1.0,0.0,1.0,2.0,-2.0,];[8, 10, 4, 4, 2, 7, 5, 7, 9, 1];100.0;48;48;2675 ; [44, 44, 44, 44, 44, 44, 44, 44, 44, 44, 44, 44, 44, 44, 44, 44, 44, 44, 44, 44, 44, 44, 44, 44, 44, 44, 44, 44, 44, 44, 44, 44, 44, 44, 44, 44, 44, 44, 44, 44, 44, 44, 44, 44, 44, 45];[[true, false, false, false, false, true, true, true, true, true, false, false, false, false, true, true, true, true]];
0;notepad-model 46C.odem;46;[-2.0,-1.0,0.0,-1.0,-0.5,2.0,1.5,2.5,2.5,1.0,];[1, 3, 5, 3, 4, 9, 8, 10, 10, 7];100.0;29;29;2460 ; [44, 44, 44, 44, 44, 44, 44, 44, 44, 44, 44, 44, 44, 44, 44, 44, 44, 44, 44, 44, 44, 44, 44, 44, 44, 44, 44, 44, 44, 44, 44, 44, 44, 44, 44, 44, 44, 44, 44, 44, 44, 44, 44, 44, 44, 45];[[true, false, true, false, false, true, false, true, true, true, false, true, false, false, true, false, true, true]];
0;notepad-model 46C.odem;46;[0.5,-1.0,1.5,-1.0,2.5,2.0,-2.5,0.0,-2.0,1.0,];[6, 3, 8, 3, 10, 9, 0, 5, 1, 7];100.0;17;17;1859 ; [44, 44, 44, 44, 44, 44, 44, 44, 44, 44, 44, 44, 44, 44, 44, 44, 44, 44, 44, 44, 44, 44, 44, 44, 44, 44, 44, 44, 44, 44, 44, 44, 44, 44, 44, 44, 44, 44, 44, 44, 44, 44, 44, 44, 44, 45];[[false, true, false, false, true, true, false, true, true, false, true, false, false, true, true, false, true, true]];
0;notepad-model 46C.odem;46;[0.0,-1.0,0.0,2.5,-2.5,-0.5,-2.5,-1.5,-2.5,-2.0,];[5, 3, 5, 10, 0, 4, 0, 2, 0, 1];100.0;107;107;7817 ; [44, 44, 44, 44, 44, 44, 44, 44, 44, 44, 44, 44, 44, 44, 44, 44, 44, 44, 44, 44, 44, 44, 44, 44, 44, 44, 44, 44, 44, 44, 44, 44, 44, 44, 44, 44, 44, 44, 44, 44, 44, 44, 44, 44, 44, 45];[[false, true, false, true, false, true, true, false, true, false, true, false, true, false, true, true, false, true]];
0;notepad-model 46C.odem;46;[1.5,-2.5,1.5,0.5,-1.5,-1.5,-1.5,0.0,-2.0,0.5,];[8, 0, 8, 6, 2, 2, 2, 5, 1, 6];100.0;27;27;3902 ; [44, 44, 44, 44, 44, 44, 44, 44, 44, 44, 44, 44, 44, 44, 44, 44, 44, 44, 44, 44, 44, 44, 44, 44, 44, 44, 44, 44, 44, 44, 44, 44, 44, 44, 44, 44, 44, 44, 44, 44, 44, 44, 44, 44, 44, 45];[[false, true, true, false, false, true, false, true, true, false, true, true, false, false, true, false, true, true]];
0;notepad-model 46C.odem;46;[-2.0,0.5,-1.0,2.0,-2.5,2.0,-0.5,-1.5,0.0,1.0,];[1, 6, 3, 9, 0, 9, 4, 2, 5, 7];100.0;1;0;3 ; [44, 44, 44, 44, 44, 44, 44, 44, 44, 44, 44, 44, 44, 44, 44, 44, 44, 44, 44, 44, 44, 44, 44, 44, 44, 44, 44, 44, 44, 44, 44, 44, 44, 44, 44, 44, 44, 44, 44, 44, 44, 44, 44, 44, 44, 45];[[true, false, false, true, true, true, false, false, true, true, false, false, true, true, true, false, false, true]];
0;notepad-model 46C.odem;46;[1.0,0.0,0.0,1.5,2.0,-2.0,1.0,2.5,2.5,1.5,];[7, 5, 5, 8, 9, 1, 7, 10, 10, 8];100.0;1;0;3 ; [44, 44, 44, 44, 44, 44, 44, 44, 44, 44, 44, 44, 44, 44, 44, 44, 44, 44, 44, 44, 44, 44, 44, 44, 44, 44, 44, 44, 44, 44, 44, 44, 44, 44, 44, 44, 44, 44, 44, 44, 44, 44, 44, 44, 44, 45];[[true, false, false, true, false, false, true, true, true, true, false, false, true, false, false, true, true, true]];
0;notepad-model 46C.odem;46;[-2.0,-1.0,0.0,2.5,1.0,-2.5,0.5,-2.5,-2.5,-1.5,];[1, 3, 5, 10, 7, 0, 6, 0, 0, 2];100.0;24;24;4424 ; [44, 44, 44, 44, 44, 44, 44, 44, 44, 44, 44, 44, 44, 44, 44, 44, 44, 44, 44, 44, 44, 44, 44, 44, 44, 44, 44, 44, 44, 44, 44, 44, 44, 44, 44, 44, 44, 44, 44, 44, 44, 44, 44, 44, 44, 45];[[true, false, false, true, false, true, false, true, true, true, false, false, true, false, true, false, true, true]];
0;notepad-model 46C.odem;46;[-0.5,1.5,-1.5,-1.0,-1.0,2.0,2.0,2.5,0.0,1.0,];[4, 8, 2, 3, 3, 9, 9, 10, 5, 7];100.0;165;165;15076 ; [44, 44, 44, 44, 44, 44, 44, 44, 44, 44, 44, 44, 44, 44, 44, 44, 44, 44, 44, 44, 44, 44, 44, 44, 44, 44, 44, 44, 44, 44, 44, 44, 44, 44, 44, 44, 44, 44, 44, 44, 44, 44, 44, 44, 44, 45];[[true, true, false, false, true, true, false, false, true, true, true, false, false, true, true, false, false, true]];
0;servletapi-2.3 63C.odem;63;[-1.5,-1.0,-1.0,-0.5,-0.5,-0.5,-2.5,-0.5,-1.0,-1.0,];[2, 3, 3, 4, 4, 4, 0, 4, 3, 3];82.76;20012;141;5725536 ; [1, 1, 2, 3, 4, 5, 6, 7, 8, 9, 10, 11, 12, 13, 14, 23, 16, 17, 18, 19, 20, 21, 22, 23, 24, 25, 26, 27, 28, 29, 30, 31, 32, 33, 34, 35, 36, 37, 38, 39, 40, 41, 42, 43, 44, 45, 46, 47, 48, 49, 50, 51, 52, 53, 54, 55, 56, 57, 58, 59, 60, 61, 62];[[false, false, true, true, true, true, true, false, false, false, false, true, true, true, true, true, false, false]];
0;servletapi-2.3 63C.odem;63;[2.5,-0.5,0.5,1.5,1.0,-1.0,1.0,0.5,1.5,1.0,];[10, 4, 6, 8, 7, 3, 7, 6, 8, 7];65.52;20012;7268;5794449 ; [7, 1, 2, 3, 4, 5, 6, 7, 10, 9, 10, 11, 12, 13, 14, 15, 16, 17, 18, 19, 20, 21, 22, 23, 24, 25, 26, 27, 28, 29, 30, 31, 32, 33, 34, 35, 36, 37, 38, 39, 40, 41, 42, 43, 44, 45, 46, 47, 48, 49, 50, 51, 52, 53, 54, 55, 56, 57, 58, 59, 60, 61, 62];[[true, true, false, false, false, true, true, true, false, true, true, false, false, false, true, true, true, false]];
0;servletapi-2.3 63C.odem;63;[2.0,0.0,0.0,0.0,0.0,1.5,1.0,-2.0,1.5,2.0,];[9, 5, 5, 5, 5, 8, 7, 1, 8, 9];81.03;20016;4726;5806547 ; [0, 1, 2, 3, 4, 5, 6, 7, 8, 9, 10, 11, 12, 13, 14, 15, 58, 17, 26, 19, 20, 21, 22, 23, 24, 25, 26, 27, 28, 29, 30, 31, 32, 33, 34, 35, 36, 37, 38, 39, 58, 41, 42, 58, 44, 45, 46, 47, 48, 49, 50, 51, 52, 53, 54, 55, 56, 57, 58, 59, 60, 61, 62];[[true, true, false, false, true, true, false, false, true, true, true, false, false, true, true, false, false, true]];
0;servletapi-2.3 63C.odem;63;[-1.5,-1.0,1.5,-2.0,0.5,0.0,-1.0,1.5,-2.0,0.5,];[2, 3, 8, 1, 6, 5, 3, 8, 1, 6];63.79;20001;10084;5813668 ; [0, 1, 2, 3, 4, 5, 6, 7, 10, 9, 10, 11, 12, 13, 14, 15, 16, 17, 18, 19, 20, 21, 22, 23, 24, 25, 26, 27, 28, 29, 30, 31, 32, 33, 34, 35, 37, 37, 38, 39, 40, 41, 42, 43, 44, 45, 46, 47, 48, 49, 50, 51, 52, 53, 54, 55, 56, 57, 58, 59, 60, 61, 62];[[true, false, true, false, false, true, false, true, true, true, false, true, false, false, true, false, true, true]];
0;servletapi-2.3 63C.odem;63;[2.5,-0.5,2.5,0.0,-2.5,-1.5,-1.5,1.5,-1.0,0.0,];[10, 4, 10, 5, 0, 2, 2, 8, 3, 5];56.9;20004;2101;5818435 ; [4, 12, 2, 3, 4, 5, 6, 7, 8, 9, 10, 11, 12, 13, 14, 15, 16, 17, 18, 19, 20, 21, 22, 23, 24, 25, 26, 27, 28, 29, 30, 31, 32, 33, 34, 35, 36, 37, 38, 39, 40, 41, 42, 43, 44, 45, 46, 47, 48, 49, 50, 51, 52, 53, 54, 55, 56, 57, 58, 59, 60, 61, 62];[[true, false, false, true, false, true, false, true, true, true, false, false, true, false, true, false, true, true]];
0;servletapi-2.3 63C.odem;63;[1.5,1.5,1.5,0.0,0.0,2.0,0.0,0.0,2.0,0.5,];[8, 8, 8, 5, 5, 9, 5, 5, 9, 6];82.76;20004;7884;5833494 ; [40, 40, 62, 40, 62, 61, 40, 40, 40, 61, 40, 52, 40, 13, 14, 15, 16, 17, 18, 19, 20, 40, 22, 23, 24, 25, 26, 27, 28, 29, 30, 31, 32, 33, 34, 35, 36, 37, 38, 39, 40, 41, 42, 43, 44, 45, 46, 47, 48, 49, 50, 51, 52, 53, 62, 55, 56, 61, 58, 59, 60, 61, 62];[[true, false, true, false, true, false, true, true, false, true, false, true, false, true, false, true, true, false]];
0;servletapi-2.3 63C.odem;63;[-1.0,1.5,-1.0,-2.5,0.0,0.5,0.0,1.0,2.5,0.0,];[3, 8, 3, 0, 5, 6, 5, 7, 10, 5];68.97;20010;4034;5835615 ; [62, 1, 2, 3, 4, 5, 6, 7, 8, 9, 10, 11, 62, 62, 62, 62, 16, 62, 18, 62, 20, 21, 22, 23, 24, 25, 26, 27, 28, 29, 30, 31, 32, 33, 34, 35, 36, 37, 38, 45, 40, 41, 42, 43, 45, 45, 46, 47, 48, 49, 50, 51, 52, 53, 54, 55, 56, 57, 58, 62, 60, 62, 62];[[false, true, true, false, false, true, true, true, false, false, true, true, false, false, true, true, true, false]];
0;servletapi-2.3 63C.odem;63;[0.5,0.5,0.5,0.0,0.0,0.0,-1.5,-2.5,1.0,2.0,];[6, 6, 6, 5, 5, 5, 2, 0, 7, 9];81.03;20017;8868;5855231 ; [0, 22, 2, 3, 22, 22, 6, 22, 8, 9, 10, 11, 22, 13, 14, 15, 16, 17, 18, 19, 22, 21, 22, 23, 24, 25, 26, 27, 28, 29, 30, 31, 32, 33, 34, 35, 36, 37, 38, 39, 40, 41, 42, 43, 44, 45, 46, 47, 58, 49, 50, 51, 52, 53, 54, 55, 56, 57, 58, 59, 60, 61, 62];[[true, false, true, false, true, false, true, false, true, true, false, true, false, true, false, true, false, true]];
0;servletapi-2.3 63C.odem;63;[-0.5,1.0,1.0,0.5,0.0,0.5,0.5,1.0,0.5,0.0,];[4, 7, 7, 6, 5, 6, 6, 7, 6, 5];58.62;20003;3162;5864074 ; [47, 23, 54, 54, 15, 15, 54, 54, 15, 9, 10, 11, 62, 13, 14, 15, 16, 54, 18, 19, 20, 21, 22, 23, 24, 25, 26, 27, 28, 29, 30, 31, 32, 33, 34, 35, 36, 37, 38, 39, 40, 41, 42, 43, 44, 54, 46, 47, 48, 49, 50, 51, 52, 53, 54, 55, 56, 57, 58, 59, 60, 61, 62];[[false, true, false, true, false, true, true, false, true, false, true, false, true, false, true, true, false, true]];
0;servletapi-2.3 63C.odem;63;[-2.0,-2.0,1.5,2.0,0.0,-1.5,-0.5,1.0,0.5,0.0,];[1, 1, 8, 9, 5, 2, 4, 7, 6, 5];70.69;20015;13875;5869869 ; [0, 21, 12, 12, 40, 52, 6, 7, 8, 9, 10, 11, 12, 13, 14, 15, 16, 17, 18, 19, 20, 21, 22, 23, 24, 25, 26, 27, 28, 29, 30, 31, 32, 33, 34, 35, 36, 37, 38, 39, 40, 41, 42, 43, 44, 45, 46, 47, 48, 49, 50, 51, 52, 53, 54, 55, 56, 57, 58, 59, 60, 61, 62];[[true, false, false, false, false, true, true, true, true, true, false, false, false, false, true, true, true, true]];
0;servletapi-2.3 63C.odem;63;[-1.5,-0.5,-0.5,-1.0,-2.5,2.5,0.5,2.5,0.0,0.0,];[2, 4, 4, 3, 0, 10, 6, 10, 5, 5];67.24;20010;19636;5860466 ; [20, 1, 2, 3, 4, 5, 6, 7, 8, 9, 10, 11, 12, 13, 14, 15, 16, 17, 18, 19, 20, 21, 22, 23, 27, 25, 26, 27, 33, 29, 30, 31, 32, 33, 34, 35, 36, 37, 38, 39, 40, 41, 42, 43, 44, 45, 46, 47, 58, 49, 50, 51, 52, 53, 54, 55, 56, 57, 58, 59, 60, 61, 62];[[true, false, false, true, false, false, true, true, true, true, false, false, true, false, false, true, true, true]];
0;servletapi-2.3 63C.odem;63;[2.0,-2.0,-2.0,-1.5,0.0,-2.5,-0.5,1.0,-0.5,0.0,];[9, 1, 1, 2, 5, 0, 4, 7, 4, 5];70.69;20001;11349;5876520 ; [15, 28, 23, 23, 15, 22, 22, 15, 15, 9, 10, 11, 12, 13, 14, 15, 16, 17, 18, 19, 20, 21, 22, 23, 24, 25, 26, 27, 28, 29, 30, 31, 32, 33, 34, 35, 36, 37, 38, 39, 40, 41, 42, 43, 44, 45, 46, 47, 48, 49, 50, 51, 52, 53, 54, 55, 56, 57, 58, 59, 60, 61, 62];[[false, true, false, true, true, false, true, true, false, false, true, false, true, true, false, true, true, false]];
0;servletapi-2.3 63C.odem;63;[0.5,-2.0,2.0,-2.0,2.5,1.5,-1.5,-1.0,2.0,-1.0,];[6, 1, 9, 1, 10, 8, 2, 3, 9, 3];56.9;20003;6165;5880068 ; [9, 36, 10, 12, 21, 16, 12, 53, 9, 9, 10, 11, 12, 13, 14, 15, 16, 17, 18, 19, 20, 21, 22, 23, 24, 25, 26, 27, 28, 29, 30, 31, 32, 33, 34, 35, 36, 37, 38, 39, 40, 41, 42, 43, 44, 45, 46, 47, 48, 49, 50, 51, 52, 53, 54, 55, 56, 57, 58, 59, 60, 61, 62];[[false, false, false, true, false, true, true, true, true, false, false, false, true, false, true, true, true, true]];
0;servletapi-2.3 63C.odem;63;[1.0,1.0,1.0,0.5,0.5,-2.0,1.0,1.0,0.5,0.5,];[7, 7, 7, 6, 6, 1, 7, 7, 6, 6];67.24;20006;13956;5877097 ; [58, 44, 44, 44, 47, 44, 44, 14, 46, 46, 44, 46, 14, 44, 14, 46, 16, 50, 18, 20, 20, 21, 44, 35, 46, 44, 44, 46, 28, 44, 44, 31, 32, 33, 34, 35, 36, 37, 38, 39, 40, 58, 42, 43, 44, 58, 46, 47, 58, 49, 50, 51, 52, 53, 54, 55, 56, 57, 58, 59, 60, 61, 62];[[true, false, false, true, true, true, false, false, true, true, false, false, true, true, true, false, false, true]];
0;servletapi-2.3 63C.odem;63;[0.5,2.5,0.0,0.0,0.0,-0.5,-1.0,0.5,-0.5,-2.5,];[6, 10, 5, 5, 5, 4, 3, 6, 4, 0];63.79;20021;3035;5907675 ; [19, 62, 62, 62, 62, 62, 62, 62, 62, 60, 62, 62, 62, 62, 62, 62, 62, 62, 62, 19, 20, 62, 22, 62, 24, 62, 26, 62, 62, 29, 62, 62, 62, 62, 62, 35, 62, 62, 38, 62, 62, 41, 62, 43, 62, 62, 62, 62, 48, 62, 62, 62, 62, 62, 62, 62, 62, 57, 62, 62, 60, 62, 62];[[true, true, false, false, false, false, true, true, true, true, true, false, false, false, false, true, true, true]];
0;servletapi-2.3 63C.odem;63;[0.5,-1.5,0.0,0.0,-2.0,-2.0,0.0,0.0,0.0,-2.5,];[6, 2, 5, 5, 1, 1, 5, 5, 5, 0];60.34;20013;4285;5896238 ; [45, 42, 42, 42, 42, 42, 45, 42, 8, 42, 10, 11, 42, 13, 14, 15, 16, 17, 18, 19, 20, 21, 22, 23, 24, 45, 26, 42, 42, 29, 30, 31, 32, 33, 34, 35, 36, 37, 42, 39, 40, 41, 42, 43, 44, 45, 46, 47, 48, 49, 50, 51, 52, 53, 54, 55, 56, 57, 58, 59, 60, 61, 62];[[false, true, false, false, true, true, false, true, true, false, true, false, false, true, true, false, true, true]];
0;servletapi-2.3 63C.odem;63;[0.0,-2.5,0.0,0.5,-1.5,1.0,1.0,1.0,0.0,-1.5,];[5, 0, 5, 6, 2, 7, 7, 7, 5, 2];56.9;20014;3249;5910737 ; [13, 1, 2, 3, 4, 5, 6, 7, 8, 28, 10, 11, 12, 13, 14, 15, 16, 17, 18, 19, 20, 21, 22, 23, 24, 25, 26, 27, 28, 29, 30, 31, 32, 33, 34, 35, 36, 37, 38, 39, 40, 41, 42, 43, 44, 45, 46, 47, 48, 49, 50, 51, 52, 53, 54, 55, 56, 57, 58, 59, 60, 61, 62];[[false, true, false, true, false, true, true, true, false, false, true, false, true, false, true, true, true, false]];
0;servletapi-2.3 63C.odem;63;[0.0,-1.0,-0.5,-0.5,-0.5,-0.5,-1.5,-1.5,-1.5,-1.5,];[5, 3, 4, 4, 4, 4, 2, 2, 2, 2];67.24;20012;17346;5905681 ; [55, 1, 2, 55, 4, 55, 6, 7, 8, 9, 10, 11, 55, 13, 14, 55, 16, 17, 18, 19, 20, 21, 55, 23, 55, 25, 26, 27, 28, 29, 30, 31, 32, 33, 34, 35, 36, 37, 38, 39, 40, 41, 42, 43, 44, 45, 46, 47, 48, 49, 50, 51, 52, 53, 54, 55, 56, 57, 58, 59, 60, 61, 62];[[false, true, true, false, false, true, false, true, true, false, true, true, false, false, true, false, true, true]];
0;servletapi-2.3 63C.odem;63;[-2.0,1.5,0.5,-2.5,-1.5,-2.0,2.0,2.0,-2.5,-1.5,];[1, 8, 6, 0, 2, 1, 9, 9, 0, 2];67.24;20010;7329;5917519 ; [0, 1, 2, 3, 4, 5, 6, 7, 10, 9, 10, 11, 12, 13, 14, 15, 16, 17, 18, 19, 20, 21, 22, 23, 24, 25, 26, 27, 33, 29, 30, 31, 32, 33, 34, 35, 36, 37, 42, 39, 40, 41, 42, 43, 44, 45, 46, 47, 48, 49, 50, 51, 52, 53, 54, 55, 56, 57, 58, 59, 60, 61, 62];[[false, true, true, false, true, false, true, true, false, false, true, true, false, true, false, true, true, false]];
0;servletapi-2.3 63C.odem;63;[-1.5,1.0,1.5,2.0,0.0,-1.0,-1.0,-1.5,1.5,0.0,];[2, 7, 8, 9, 5, 3, 3, 2, 8, 5];86.21;20012;14329;6008310 ; [58, 1, 58, 58, 58, 58, 58, 7, 55, 9, 10, 11, 58, 13, 14, 15, 58, 17, 18, 19, 58, 58, 22, 23, 58, 25, 26, 27, 28, 29, 30, 31, 32, 33, 34, 35, 36, 37, 58, 39, 40, 41, 42, 43, 44, 58, 46, 47, 48, 49, 50, 51, 52, 53, 54, 55, 56, 57, 58, 59, 60, 61, 62];[[true, true, true, false, true, false, true, false, false, true, true, true, false, true, false, true, false, false]];
0;forms-1.3.0 68C.odem;68;[-1.0,1.5,-0.5,1.5,1.5,0.5,2.0,-0.5,0.0,0.0,];[3, 8, 4, 8, 8, 6, 9, 4, 5, 5];77.78;20007;8730;7105859 ; [66, 66, 66, 66, 66, 66, 66, 66, 66, 66, 66, 66, 66, 67, 67, 66, 66, 67, 66, 67, 66, 67, 67, 67, 67, 67, 67, 66, 67, 67, 67, 66, 66, 67, 67, 66, 66, 66, 66, 67, 66, 67, 67, 67, 67, 66, 67, 67, 66, 67, 67, 66, 67, 67, 66, 66, 67, 67, 67, 66, 67, 66, 67, 67, 67, 66, 66, 67];[[false, false, false, true, false, true, true, true, true, false, false, false, true, false, true, true, true, true]];
0;forms-1.3.0 68C.odem;68;[0.0,2.5,-1.0,0.0,0.0,2.0,-0.5,0.5,2.5,-0.5,];[5, 10, 3, 5, 5, 9, 4, 6, 10, 4];90.48;20020;10797;7109821 ; [67, 67, 67, 67, 67, 67, 67, 67, 67, 67, 67, 67, 67, 67, 67, 67, 67, 67, 67, 67, 67, 67, 67, 67, 67, 67, 67, 67, 67, 67, 67, 67, 67, 67, 67, 67, 67, 67, 67, 67, 67, 67, 67, 67, 67, 67, 67, 67, 67, 67, 67, 67, 67, 67, 67, 67, 67, 67, 67, 67, 67, 67, 67, 67, 67, 67, 66, 67];[[false, true, true, false, false, true, false, true, true, false, true, true, false, false, true, false, true, true]];
0;forms-1.3.0 68C.odem;68;[2.5,-1.0,-1.5,1.5,1.5,0.5,1.5,-2.0,2.5,1.0,];[10, 3, 2, 8, 8, 6, 8, 1, 10, 7];87.3;20015;3046;7129638 ; [67, 67, 67, 67, 67, 67, 67, 67, 67, 67, 67, 67, 67, 67, 16, 16, 16, 67, 67, 67, 26, 26, 26, 26, 67, 67, 26, 67, 67, 67, 67, 67, 67, 67, 67, 67, 67, 67, 67, 67, 67, 67, 67, 67, 67, 67, 67, 67, 67, 67, 67, 67, 67, 67, 67, 67, 67, 67, 67, 67, 67, 67, 67, 67, 67, 67, 67, 67];[[true, false, false, false, false, true, true, true, true, true, false, false, false, false, true, true, true, true]];
0;forms-1.3.0 68C.odem;68;[1.5,-2.0,-1.0,-1.0,-1.0,0.0,0.5,-1.0,-1.0,0.5,];[8, 1, 3, 3, 3, 5, 6, 3, 3, 6];92.06;20009;10269;7157093 ; [67, 67, 65, 65, 67, 65, 65, 67, 67, 65, 65, 65, 67, 67, 67, 65, 65, 67, 67, 65, 65, 67, 67, 65, 67, 67, 67, 65, 67, 65, 67, 67, 67, 65, 67, 65, 67, 65, 67, 67, 65, 67, 67, 67, 67, 65, 65, 67, 65, 65, 65, 67, 65, 67, 67, 65, 67, 67, 67, 65, 67, 67, 67, 65, 67, 65, 67, 67];[[false, true, true, false, false, true, true, true, false, false, true, true, false, false, true, true, true, false]];
0;forms-1.3.0 68C.odem;68;[1.5,2.5,1.0,-2.5,-2.0,-1.0,-2.5,-1.5,-0.5,-0.5,];[8, 10, 7, 0, 1, 3, 0, 2, 4, 4];77.78;20010;10451;7168575 ; [67, 67, 67, 67, 67, 67, 67, 67, 67, 67, 67, 67, 67, 67, 67, 67, 67, 67, 67, 67, 67, 67, 67, 67, 67, 67, 67, 67, 67, 67, 67, 67, 67, 67, 67, 67, 67, 67, 67, 67, 67, 67, 67, 67, 67, 67, 67, 67, 67, 67, 67, 67, 67, 67, 67, 67, 67, 67, 67, 67, 67, 67, 67, 67, 67, 65, 67, 67];[[false, true, false, true, false, true, true, false, true, false, true, false, true, false, true, true, false, true]];
0;forms-1.3.0 68C.odem;68;[1.0,0.0,-1.0,-2.0,-2.5,2.5,0.0,1.0,-1.0,-1.0,];[7, 5, 3, 1, 0, 10, 5, 7, 3, 3];82.54;20010;16308;7189188 ; [67, 67, 67, 67, 67, 67, 67, 67, 8, 67, 67, 67, 67, 67, 67, 67, 67, 67, 67, 67, 67, 67, 67, 67, 67, 67, 26, 67, 67, 67, 67, 67, 67, 67, 67, 67, 67, 67, 67, 67, 67, 67, 67, 67, 67, 67, 67, 67, 67, 67, 67, 67, 67, 67, 67, 67, 67, 67, 58, 67, 67, 67, 67, 67, 67, 67, 67, 67];[[true, true, false, false, false, false, true, true, true, true, true, false, false, false, false, true, true, true]];
0;forms-1.3.0 68C.odem;68;[-0.5,1.5,0.0,0.0,2.5,0.0,-1.0,2.0,0.5,2.0,];[4, 8, 5, 5, 10, 5, 3, 9, 6, 9];92.06;20002;315;7188210 ; [67, 67, 67, 67, 67, 67, 67, 67, 67, 67, 67, 67, 67, 67, 67, 67, 67, 67, 67, 67, 67, 67, 67, 67, 67, 67, 67, 67, 67, 67, 67, 67, 67, 67, 67, 67, 67, 67, 67, 67, 67, 67, 67, 67, 67, 67, 67, 67, 67, 67, 67, 67, 67, 67, 67, 67, 67, 67, 67, 67, 67, 67, 67, 67, 67, 65, 67, 67];[[true, false, true, false, false, true, false, true, true, true, false, true, false, false, true, false, true, true]];
0;forms-1.3.0 68C.odem;68;[0.0,2.0,-2.0,-0.5,-2.0,-1.0,2.0,1.0,2.5,0.0,];[5, 9, 1, 4, 1, 3, 9, 7, 10, 5];90.48;20010;16182;7203660 ; [67, 67, 67, 10, 10, 67, 67, 10, 10, 67, 10, 67, 67, 67, 67, 67, 67, 67, 67, 67, 67, 67, 67, 67, 67, 67, 67, 67, 67, 67, 67, 67, 67, 67, 67, 67, 67, 67, 67, 67, 67, 67, 67, 67, 67, 67, 67, 67, 67, 67, 67, 67, 67, 67, 67, 67, 67, 67, 67, 67, 67, 67, 67, 67, 67, 67, 67, 67];[[true, false, true, false, true, false, true, false, true, true, false, true, false, true, false, true, false, true]];
0;forms-1.3.0 68C.odem;68;[1.0,-2.5,-0.5,0.0,1.0,-2.5,-0.5,0.0,0.5,1.0,];[7, 0, 4, 5, 7, 0, 4, 5, 6, 7];88.89;20004;4026;7200997 ; [67, 67, 67, 67, 67, 67, 67, 67, 67, 67, 67, 67, 67, 67, 67, 67, 67, 67, 67, 67, 67, 67, 67, 67, 67, 67, 67, 67, 67, 67, 67, 67, 67, 67, 67, 67, 67, 67, 67, 67, 67, 67, 67, 67, 67, 67, 67, 67, 67, 67, 67, 67, 67, 67, 67, 67, 67, 67, 67, 67, 67, 67, 67, 67, 67, 67, 66, 67];[[true, false, false, true, false, true, false, true, true, true, false, false, true, false, true, false, true, true]];
0;forms-1.3.0 68C.odem;68;[0.5,0.5,-2.0,2.5,2.0,-1.0,0.0,1.5,0.5,2.0,];[6, 6, 1, 10, 9, 3, 5, 8, 6, 9];92.06;20013;8152;7225516 ; [67, 67, 2, 67, 67, 67, 67, 67, 67, 67, 67, 67, 67, 67, 67, 67, 67, 67, 67, 19, 62, 62, 62, 62, 62, 67, 62, 67, 67, 67, 67, 67, 67, 67, 67, 67, 67, 40, 67, 67, 40, 67, 67, 67, 67, 67, 67, 67, 67, 62, 62, 62, 67, 67, 67, 67, 67, 67, 67, 67, 67, 67, 62, 67, 67, 67, 67, 67];[[true, false, true, false, true, false, true, true, false, true, false, true, false, true, false, true, true, false]];
0;forms-1.3.0 68C.odem;68;[-1.0,0.0,2.5,1.5,-2.0,-1.0,-1.5,-1.0,2.5,-2.5,];[3, 5, 10, 8, 1, 3, 2, 3, 10, 0];88.89;20016;2280;7233474 ; [67, 67, 67, 67, 67, 67, 67, 67, 67, 67, 67, 67, 67, 67, 67, 67, 67, 67, 67, 67, 67, 67, 67, 67, 67, 67, 67, 67, 67, 67, 67, 67, 67, 67, 67, 67, 67, 67, 67, 67, 67, 67, 67, 67, 67, 67, 67, 67, 67, 67, 67, 67, 67, 67, 67, 67, 67, 67, 67, 67, 67, 67, 67, 67, 67, 67, 66, 67];[[false, true, false, true, true, false, true, true, false, false, true, false, true, true, false, true, true, false]];
0;forms-1.3.0 68C.odem;68;[2.0,2.0,-2.5,1.5,2.5,-0.5,-1.5,1.5,-2.5,2.5,];[9, 9, 0, 8, 10, 4, 2, 8, 0, 10];82.54;20005;8137;7239011 ; [67, 67, 2, 67, 67, 67, 67, 67, 67, 67, 67, 67, 67, 67, 67, 67, 67, 67, 67, 66, 67, 67, 67, 67, 67, 67, 67, 67, 67, 67, 67, 67, 67, 67, 67, 67, 67, 67, 67, 67, 67, 67, 67, 67, 67, 67, 67, 67, 67, 67, 67, 67, 67, 67, 67, 67, 67, 67, 67, 59, 67, 67, 67, 67, 67, 67, 66, 67];[[false, true, false, false, true, true, false, true, true, false, true, false, false, true, true, false, true, true]];
0;forms-1.3.0 68C.odem;68;[-1.0,0.5,-1.5,-1.0,2.5,-2.0,1.5,0.0,0.0,1.0,];[3, 6, 2, 3, 10, 1, 8, 5, 5, 7];90.48;20018;12287;7254906 ; [66, 66, 66, 66, 66, 66, 66, 66, 66, 66, 66, 66, 66, 66, 66, 66, 66, 66, 66, 66, 66, 66, 66, 66, 66, 66, 66, 66, 66, 66, 66, 66, 66, 66, 66, 66, 66, 66, 66, 66, 66, 66, 66, 66, 66, 66, 66, 66, 66, 66, 66, 66, 66, 66, 66, 66, 66, 66, 66, 66, 66, 66, 66, 66, 66, 66, 66, 67];[[true, false, false, true, true, true, false, false, true, true, false, false, true, true, true, false, false, true]];
0;forms-1.3.0 68C.odem;68;[2.5,-0.5,1.0,1.5,0.0,1.5,1.5,0.5,2.0,0.0,];[10, 4, 7, 8, 5, 8, 8, 6, 9, 5];98.41;20001;16034;7278340 ; [67, 67, 67, 67, 67, 67, 67, 67, 67, 67, 67, 67, 67, 67, 67, 67, 67, 67, 67, 67, 67, 67, 67, 67, 67, 67, 67, 67, 67, 67, 67, 67, 67, 67, 67, 67, 67, 67, 67, 67, 67, 67, 67, 67, 67, 67, 67, 67, 67, 67, 67, 67, 67, 67, 67, 67, 67, 67, 67, 65, 65, 65, 67, 67, 67, 65, 66, 67];[[true, true, true, false, true, false, true, false, false, true, true, true, false, true, false, true, false, false]];
0;forms-1.3.0 68C.odem;68;[2.0,-1.5,1.5,2.0,1.0,0.5,-1.0,2.0,2.0,0.0,];[9, 2, 8, 9, 7, 6, 3, 9, 9, 5];88.89;20016;9887;7285842 ; [67, 67, 67, 67, 67, 67, 67, 67, 67, 67, 67, 67, 67, 67, 67, 67, 67, 67, 67, 67, 67, 67, 67, 67, 67, 67, 67, 67, 67, 67, 67, 67, 67, 67, 67, 67, 67, 67, 67, 67, 67, 67, 67, 67, 67, 67, 67, 67, 67, 67, 67, 67, 67, 67, 67, 67, 67, 67, 67, 67, 67, 67, 67, 67, 67, 67, 66, 67];[[true, true, false, false, false, true, true, true, false, true, true, false, false, false, true, true, true, false]];
0;forms-1.3.0 68C.odem;68;[-1.0,0.0,1.0,2.0,2.0,-0.5,1.5,1.0,2.0,2.0,];[3, 5, 7, 9, 9, 4, 8, 7, 9, 9];84.13;20019;14306;7281940 ; [15, 67, 67, 67, 67, 67, 67, 67, 67, 67, 67, 67, 67, 67, 67, 15, 67, 67, 67, 67, 67, 67, 67, 67, 67, 67, 67, 67, 67, 67, 67, 67, 67, 67, 67, 67, 67, 67, 67, 67, 67, 67, 67, 67, 67, 67, 67, 67, 67, 67, 67, 67, 67, 67, 67, 67, 67, 67, 67, 67, 67, 67, 67, 67, 67, 67, 67, 67];[[false, true, false, true, false, true, true, true, false, false, true, false, true, false, true, true, true, false]];
0;forms-1.3.0 68C.odem;68;[1.0,-0.5,1.0,0.5,2.5,0.0,0.5,1.5,0.5,2.0,];[7, 4, 7, 6, 10, 5, 6, 8, 6, 9];96.83;20009;4984;7291691 ; [67, 67, 67, 67, 67, 67, 67, 67, 67, 67, 67, 67, 67, 67, 67, 67, 67, 67, 67, 67, 67, 67, 67, 67, 67, 67, 67, 67, 67, 67, 67, 67, 67, 67, 67, 67, 67, 67, 67, 67, 67, 67, 67, 67, 67, 67, 67, 67, 67, 67, 67, 67, 67, 67, 67, 67, 67, 67, 67, 65, 67, 67, 67, 67, 67, 65, 67, 67];[[false, false, true, true, true, true, true, false, false, false, false, true, true, true, true, true, false, false]];
0;forms-1.3.0 68C.odem;68;[1.5,0.0,0.5,0.0,1.0,0.0,0.0,2.0,1.0,2.0,];[8, 5, 6, 5, 7, 5, 5, 9, 7, 9];90.48;20008;2809;7297131 ; [62, 62, 67, 67, 67, 67, 67, 62, 62, 67, 67, 62, 62, 67, 62, 62, 67, 62, 50, 62, 62, 62, 62, 67, 62, 67, 62, 67, 62, 50, 62, 67, 67, 62, 67, 67, 50, 62, 62, 67, 62, 50, 50, 50, 67, 67, 50, 67, 50, 67, 50, 67, 67, 62, 67, 62, 56, 67, 67, 65, 60, 67, 62, 67, 67, 65, 66, 67];[[true, true, false, false, true, true, false, false, true, true, true, false, false, true, true, false, false, true]];
0;forms-1.3.0 68C.odem;68;[1.5,1.5,1.5,-2.0,-2.5,2.0,0.0,2.0,-2.5,-0.5,];[8, 8, 8, 1, 0, 9, 5, 9, 0, 4];87.3;20017;8199;7290622 ; [67, 67, 67, 67, 67, 67, 67, 67, 67, 67, 67, 67, 67, 67, 67, 67, 67, 67, 67, 67, 67, 67, 67, 67, 67, 67, 67, 67, 67, 67, 67, 67, 67, 67, 67, 67, 67, 67, 67, 67, 67, 67, 67, 67, 67, 67, 67, 67, 67, 67, 67, 67, 67, 67, 67, 67, 67, 67, 67, 67, 67, 67, 67, 67, 67, 65, 67, 67];[[true, false, false, true, false, false, true, true, true, true, false, false, true, false, false, true, true, true]];
0;forms-1.3.0 68C.odem;68;[1.5,-2.0,2.0,0.5,0.5,-1.5,-2.5,1.0,-1.5,-1.0,];[8, 1, 9, 6, 6, 2, 0, 7, 2, 3];96.83;20014;12891;7355963 ; [67, 67, 67, 67, 67, 67, 67, 67, 67, 67, 67, 67, 67, 67, 67, 67, 67, 67, 67, 67, 67, 67, 67, 67, 67, 67, 67, 67, 67, 67, 67, 67, 67, 67, 67, 67, 67, 67, 67, 67, 67, 67, 67, 67, 67, 67, 67, 67, 67, 67, 67, 67, 67, 67, 67, 67, 67, 67, 67, 67, 66, 66, 67, 67, 67, 67, 66, 67];[[false, true, true, false, true, false, true, true, false, false, true, true, false, true, false, true, true, false]];
0;jscatterplot 74C.odem;74;[-1.0,-2.0,2.5,1.5,-1.5,1.5,-1.5,2.0,-2.5,2.5,];[3, 1, 10, 8, 2, 8, 2, 9, 0, 10];98.59;20007;11987;8678132 ; [73, 73, 73, 73, 73, 73, 73, 73, 73, 73, 73, 73, 73, 73, 73, 73, 73, 73, 73, 73, 73, 73, 73, 73, 73, 73, 73, 73, 73, 73, 73, 73, 73, 73, 73, 73, 73, 73, 73, 73, 73, 73, 73, 73, 73, 73, 73, 73, 73, 73, 73, 73, 73, 73, 73, 73, 73, 57, 73, 73, 60, 73, 73, 73, 73, 73, 73, 73, 73, 73, 73, 73, 73, 73];[[false, true, false, false, true, true, false, true, true, false, true, false, false, true, true, false, true, true]];
0;jscatterplot 74C.odem;74;[-1.5,2.0,-0.5,1.0,-2.0,1.5,-1.0,1.0,1.5,-2.5,];[2, 9, 4, 7, 1, 8, 3, 7, 8, 0];95.77;20001;7594;8745441 ; [72, 72, 72, 72, 72, 72, 72, 72, 72, 72, 72, 72, 72, 72, 72, 72, 72, 72, 72, 72, 72, 72, 72, 72, 72, 72, 72, 72, 72, 72, 72, 72, 72, 72, 72, 72, 72, 72, 72, 72, 72, 72, 72, 72, 72, 72, 72, 72, 72, 72, 72, 72, 72, 72, 72, 72, 72, 72, 72, 72, 72, 72, 72, 72, 72, 72, 72, 72, 72, 72, 72, 72, 72, 73];[[true, true, false, false, false, true, true, true, false, true, true, false, false, false, true, true, true, false]];
0;jscatterplot 74C.odem;74;[1.0,-0.5,-2.5,-2.0,2.0,-0.5,-2.5,-2.5,-2.0,2.0,];[7, 4, 0, 1, 9, 4, 0, 0, 1, 9];95.77;20015;6705;8749380 ; [73, 73, 73, 73, 73, 73, 73, 73, 73, 73, 73, 73, 73, 73, 73, 73, 73, 73, 73, 73, 20, 73, 73, 73, 73, 73, 73, 73, 73, 73, 73, 73, 73, 73, 73, 73, 73, 73, 73, 73, 73, 73, 73, 73, 73, 73, 73, 73, 73, 73, 73, 73, 73, 73, 73, 73, 73, 73, 73, 73, 73, 73, 73, 73, 73, 73, 73, 73, 73, 73, 73, 73, 73, 73];[[false, true, false, true, false, true, true, false, true, false, true, false, true, false, true, true, false, true]];
0;jscatterplot 74C.odem;74;[1.0,-2.0,-0.5,-1.0,-2.5,1.0,-2.0,0.0,-1.0,0.5,];[7, 1, 4, 3, 0, 7, 1, 5, 3, 6];97.18;20010;15244;8758836 ; [73, 73, 73, 73, 73, 73, 73, 73, 73, 73, 73, 73, 73, 73, 73, 73, 73, 73, 73, 73, 73, 73, 73, 73, 73, 73, 73, 73, 73, 73, 73, 73, 73, 73, 73, 73, 73, 73, 73, 73, 73, 73, 73, 73, 73, 73, 73, 73, 73, 73, 73, 73, 73, 73, 73, 73, 73, 73, 73, 73, 73, 73, 73, 73, 64, 73, 73, 73, 73, 73, 73, 73, 73, 73];[[true, false, false, true, false, false, true, true, true, true, false, false, true, false, false, true, true, true]];
0;jscatterplot 74C.odem;74;[0.5,2.5,1.5,1.5,2.0,-1.0,-0.5,0.0,-1.0,-1.5,];[6, 10, 8, 8, 9, 3, 4, 5, 3, 2];97.18;20018;6577;8788104 ; [73, 73, 73, 73, 73, 73, 73, 73, 73, 73, 73, 73, 73, 73, 73, 73, 73, 73, 73, 73, 73, 73, 69, 73, 73, 73, 73, 73, 73, 73, 73, 73, 73, 73, 73, 73, 73, 73, 73, 73, 73, 73, 73, 73, 73, 73, 73, 73, 73, 73, 73, 73, 73, 73, 73, 73, 73, 73, 73, 73, 73, 73, 73, 73, 73, 73, 73, 73, 73, 69, 73, 73, 73, 73];[[false, false, true, true, true, true, true, false, false, false, false, true, true, true, true, true, false, false]];
0;jscatterplot 74C.odem;74;[1.5,-2.5,-1.5,-1.0,0.5,-1.0,1.5,-1.5,-1.5,0.5,];[8, 0, 2, 3, 6, 3, 8, 2, 2, 6];97.18;20011;6927;8798452 ; [73, 73, 73, 73, 73, 73, 73, 73, 73, 73, 73, 73, 73, 73, 73, 73, 73, 73, 73, 73, 20, 73, 73, 73, 73, 73, 73, 73, 73, 73, 73, 73, 73, 73, 73, 73, 73, 73, 73, 73, 73, 73, 73, 73, 73, 73, 73, 73, 73, 73, 73, 73, 73, 73, 73, 73, 73, 73, 73, 73, 73, 73, 73, 73, 73, 73, 73, 73, 73, 73, 73, 73, 73, 73];[[false, true, true, false, false, true, false, true, true, false, true, true, false, false, true, false, true, true]];
0;jscatterplot 74C.odem;74;[-0.5,-2.0,2.0,2.0,0.0,1.0,2.5,1.5,-2.0,0.0,];[4, 1, 9, 9, 5, 7, 10, 8, 1, 5];97.18;20012;19091;8815639 ; [1, 1, 64, 64, 64, 64, 64, 64, 64, 64, 64, 64, 64, 64, 64, 64, 64, 64, 18, 22, 64, 35, 22, 64, 35, 35, 35, 35, 35, 35, 35, 35, 35, 35, 35, 35, 64, 64, 64, 64, 64, 64, 64, 64, 64, 64, 64, 64, 64, 64, 64, 64, 64, 64, 64, 64, 56, 57, 59, 59, 60, 63, 63, 63, 64, 71, 71, 71, 71, 71, 71, 71, 72, 73];[[true, true, true, false, true, false, true, false, false, true, true, true, false, true, false, true, false, false]];
0;jscatterplot 74C.odem;74;[2.5,1.0,-2.0,-1.0,0.5,2.0,0.0,0.5,-0.5,0.0,];[10, 7, 1, 3, 6, 9, 5, 6, 4, 5];88.73;20014;6307;8811338 ; [73, 73, 73, 73, 73, 73, 73, 73, 73, 73, 73, 73, 73, 73, 73, 73, 73, 73, 73, 73, 20, 73, 73, 73, 73, 73, 73, 73, 73, 73, 73, 73, 73, 73, 73, 73, 73, 73, 73, 73, 73, 73, 73, 73, 73, 73, 73, 73, 73, 73, 73, 73, 73, 73, 73, 73, 73, 73, 73, 73, 73, 73, 73, 73, 73, 73, 73, 73, 73, 73, 73, 73, 73, 73];[[false, false, false, true, false, true, true, true, true, false, false, false, true, false, true, true, true, true]];
0;jscatterplot 74C.odem;74;[-0.5,-2.5,0.5,-1.0,-1.5,-1.0,-1.0,1.0,-2.0,1.5,];[4, 0, 6, 3, 2, 3, 3, 7, 1, 8];91.55;20017;5541;8829469 ; [73, 73, 73, 73, 73, 73, 73, 73, 73, 73, 73, 73, 73, 73, 73, 73, 73, 73, 73, 73, 73, 73, 73, 73, 73, 73, 73, 73, 73, 73, 73, 73, 73, 73, 73, 35, 73, 73, 73, 73, 73, 73, 73, 73, 73, 73, 73, 73, 73, 73, 73, 73, 73, 73, 73, 73, 73, 73, 73, 73, 73, 73, 73, 73, 73, 73, 73, 73, 73, 73, 73, 73, 73, 73];[[false, true, false, true, false, true, true, true, false, false, true, false, true, false, true, true, true, false]];
0;jscatterplot 74C.odem;74;[2.0,2.5,-0.5,-1.0,1.0,0.5,1.0,2.5,0.0,0.0,];[9, 10, 4, 3, 7, 6, 7, 10, 5, 5];94.37;20010;10869;8839983 ; [72, 72, 72, 72, 72, 72, 72, 72, 72, 72, 72, 72, 72, 72, 72, 72, 72, 72, 72, 72, 72, 72, 72, 72, 72, 72, 72, 72, 72, 72, 72, 72, 72, 72, 72, 72, 72, 72, 72, 72, 72, 72, 72, 72, 72, 72, 72, 72, 72, 72, 72, 72, 72, 72, 72, 72, 56, 57, 72, 72, 60, 72, 72, 72, 72, 72, 72, 72, 72, 72, 72, 72, 72, 73];[[false, true, false, true, true, false, true, true, false, false, true, false, true, true, false, true, true, false]];
0;jscatterplot 74C.odem;74;[1.5,-2.5,-1.0,-0.5,-0.5,0.5,1.5,-1.0,1.0,2.5,];[8, 0, 3, 4, 4, 6, 8, 3, 7, 10];95.77;20003;3570;8854619 ; [73, 73, 73, 73, 73, 73, 73, 73, 73, 73, 73, 73, 73, 73, 73, 73, 73, 73, 73, 73, 73, 73, 22, 73, 73, 73, 73, 73, 73, 73, 73, 73, 73, 73, 73, 73, 73, 73, 73, 73, 73, 73, 73, 73, 73, 73, 73, 73, 73, 73, 73, 73, 73, 73, 73, 73, 73, 73, 73, 73, 73, 73, 73, 73, 73, 73, 73, 73, 73, 73, 73, 73, 73, 73];[[true, false, false, true, true, true, false, false, true, true, false, false, true, true, true, false, false, true]];
0;jscatterplot 74C.odem;74;[-0.5,1.5,0.5,1.5,-2.0,-1.0,-2.5,0.0,1.5,-1.5,];[4, 8, 6, 8, 1, 3, 0, 5, 8, 2];97.18;20010;17742;8871099 ; [73, 73, 73, 73, 73, 73, 73, 73, 73, 73, 73, 73, 73, 73, 73, 73, 73, 73, 73, 73, 73, 73, 73, 73, 73, 73, 73, 73, 73, 73, 73, 73, 73, 73, 73, 73, 73, 73, 73, 73, 73, 73, 73, 73, 73, 73, 73, 73, 73, 73, 73, 73, 73, 73, 73, 73, 73, 73, 73, 73, 73, 73, 62, 73, 73, 73, 73, 73, 73, 73, 73, 73, 73, 73];[[true, true, false, false, false, false, true, true, true, true, true, false, false, false, false, true, true, true]];
0;jscatterplot 74C.odem;74;[1.5,0.0,-2.5,0.0,0.0,1.5,-2.0,-1.0,2.0,2.0,];[8, 5, 0, 5, 5, 8, 1, 3, 9, 9];92.96;20003;2766;8891170 ; [73, 73, 73, 73, 73, 73, 73, 73, 73, 73, 73, 73, 73, 73, 73, 73, 73, 73, 73, 73, 73, 73, 73, 73, 73, 73, 73, 73, 73, 73, 73, 73, 73, 73, 73, 73, 73, 73, 73, 73, 73, 73, 73, 73, 73, 73, 73, 73, 73, 73, 73, 73, 73, 73, 73, 73, 73, 73, 73, 73, 73, 73, 73, 73, 64, 73, 73, 73, 73, 73, 73, 73, 73, 73];[[true, false, true, false, true, false, true, true, false, true, false, true, false, true, false, true, true, false]];
0;jscatterplot 74C.odem;74;[-1.5,-0.5,1.5,-1.0,0.0,-1.0,-2.5,0.5,-0.5,0.0,];[2, 4, 8, 3, 5, 3, 0, 6, 4, 5];97.18;20000;1477;8881224 ; [1, 1, 71, 71, 71, 71, 71, 71, 71, 71, 71, 71, 71, 71, 71, 71, 71, 71, 18, 19, 71, 71, 71, 23, 71, 71, 71, 71, 71, 71, 71, 71, 71, 71, 71, 71, 36, 71, 71, 71, 71, 71, 71, 71, 71, 71, 71, 71, 71, 71, 71, 71, 71, 53, 71, 71, 56, 57, 71, 71, 60, 71, 71, 71, 71, 65, 71, 71, 71, 71, 71, 71, 72, 73];[[true, true, false, false, true, true, false, false, true, true, true, false, false, true, true, false, false, true]];
0;jscatterplot 74C.odem;74;[1.5,-0.5,-0.5,1.5,0.0,-2.0,-0.5,-1.0,2.0,0.5,];[8, 4, 4, 8, 5, 1, 4, 3, 9, 6];94.37;20002;3862;8888095 ; [20, 73, 73, 73, 73, 73, 73, 73, 73, 73, 73, 73, 73, 73, 73, 73, 73, 73, 73, 73, 20, 73, 73, 33, 26, 26, 26, 33, 33, 73, 33, 73, 33, 33, 73, 73, 73, 73, 73, 73, 73, 73, 73, 73, 73, 73, 73, 73, 73, 73, 73, 73, 73, 73, 73, 73, 73, 73, 73, 73, 73, 63, 63, 63, 73, 73, 70, 70, 70, 70, 70, 73, 73, 73];[[true, false, true, false, false, true, false, true, true, true, false, true, false, false, true, false, true, true]];
0;jscatterplot 74C.odem;74;[1.5,-2.5,2.0,1.5,-2.5,0.0,1.5,1.5,-2.0,-1.5,];[8, 0, 9, 8, 0, 5, 8, 8, 1, 2];95.77;20017;5956;8899286 ; [73, 73, 73, 73, 73, 73, 73, 73, 73, 73, 73, 73, 73, 73, 73, 73, 73, 73, 73, 73, 73, 73, 22, 73, 73, 73, 73, 73, 73, 73, 73, 73, 73, 73, 73, 73, 73, 73, 73, 73, 73, 73, 73, 73, 73, 73, 73, 73, 73, 73, 73, 73, 73, 73, 73, 73, 73, 73, 73, 73, 73, 73, 73, 73, 73, 73, 73, 73, 73, 73, 73, 73, 73, 73];[[false, true, true, false, false, true, true, true, false, false, true, true, false, false, true, true, true, false]];
0;jscatterplot 74C.odem;74;[-1.0,2.0,0.5,2.0,0.5,-0.5,-2.0,1.0,-2.0,-0.5,];[3, 9, 6, 9, 6, 4, 1, 7, 1, 4];94.37;20006;6606;8914311 ; [73, 73, 73, 73, 73, 73, 73, 73, 73, 73, 73, 73, 73, 73, 73, 73, 73, 73, 73, 73, 73, 73, 64, 73, 73, 73, 73, 73, 73, 73, 73, 73, 73, 73, 73, 73, 73, 73, 73, 73, 73, 73, 73, 73, 73, 73, 73, 73, 73, 73, 73, 73, 73, 73, 73, 73, 73, 73, 73, 73, 73, 73, 73, 73, 64, 73, 73, 73, 73, 73, 73, 73, 73, 73];[[true, false, true, false, true, false, true, false, true, true, false, true, false, true, false, true, false, true]];
0;jscatterplot 74C.odem;74;[-1.5,0.5,2.0,1.0,1.5,-2.0,1.5,0.5,-1.5,2.0,];[2, 6, 9, 7, 8, 1, 8, 6, 2, 9];94.37;20009;11148;8914759 ; [73, 73, 73, 73, 73, 73, 73, 73, 73, 73, 73, 73, 73, 73, 73, 73, 73, 73, 39, 73, 73, 73, 73, 73, 73, 73, 73, 73, 73, 73, 73, 73, 73, 73, 73, 39, 73, 73, 73, 39, 73, 73, 73, 73, 73, 73, 73, 73, 73, 73, 73, 73, 73, 73, 73, 73, 73, 73, 73, 73, 73, 73, 73, 73, 73, 73, 73, 73, 73, 73, 73, 73, 73, 73];[[true, false, false, true, false, true, false, true, true, true, false, false, true, false, true, false, true, true]];
0;jscatterplot 74C.odem;74;[-2.5,0.5,2.0,2.0,-2.0,0.5,2.0,1.5,-2.0,2.0,];[0, 6, 9, 9, 1, 6, 9, 8, 1, 9];98.59;20011;7698;8959957 ; [73, 73, 73, 73, 73, 73, 73, 73, 73, 73, 73, 73, 73, 73, 73, 73, 73, 73, 18, 73, 73, 73, 73, 73, 73, 73, 73, 73, 73, 73, 73, 73, 73, 73, 73, 73, 73, 73, 73, 73, 73, 73, 73, 73, 73, 73, 73, 73, 73, 73, 73, 73, 73, 73, 73, 73, 73, 73, 73, 73, 73, 73, 73, 73, 73, 73, 73, 73, 73, 73, 73, 73, 73, 73];[[false, true, true, false, true, false, true, true, false, false, true, true, false, true, false, true, true, false]];
0;jscatterplot 74C.odem;74;[-2.5,-0.5,-0.5,-0.5,-1.0,1.5,-1.0,-1.5,-1.0,-1.0,];[0, 4, 4, 4, 3, 8, 3, 2, 3, 3];91.55;20019;3208;8985795 ; [73, 73, 73, 73, 73, 73, 73, 73, 73, 73, 73, 73, 73, 73, 73, 73, 73, 73, 73, 73, 55, 73, 55, 73, 73, 73, 73, 73, 73, 73, 73, 73, 73, 73, 73, 73, 73, 73, 73, 73, 73, 73, 73, 73, 73, 73, 73, 73, 73, 73, 73, 73, 73, 73, 73, 55, 73, 73, 73, 73, 73, 73, 73, 73, 73, 73, 73, 73, 73, 73, 73, 73, 73, 73];[[true, false, false, false, false, true, true, true, true, true, false, false, false, false, true, true, true, true]];
0;jfluid-1.7.0 82C.odem;82;[-0.5,-1.0,0.5,-2.0,-1.0,1.5,0.5,-2.5,-1.0,2.0,];[4, 3, 6, 1, 3, 8, 6, 0, 3, 9];88.61;20007;18227;11165615 ; [80, 80, 80, 80, 80, 80, 80, 80, 80, 80, 80, 80, 80, 80, 81, 80, 81, 80, 81, 80, 80, 80, 81, 80, 80, 80, 80, 80, 81, 80, 80, 80, 80, 81, 80, 81, 80, 80, 80, 80, 81, 80, 80, 80, 80, 80, 81, 80, 80, 80, 80, 80, 80, 80, 80, 80, 80, 80, 80, 80, 80, 80, 80, 80, 80, 80, 80, 80, 80, 80, 80, 80, 80, 80, 81, 80, 80, 80, 80, 80, 80, 81];[[false, true, false, false, true, true, false, true, true, false, true, false, false, true, true, false, true, true]];
0;jfluid-1.7.0 82C.odem;82;[2.5,-0.5,0.5,-1.5,-0.5,0.0,-0.5,2.0,-1.5,0.0,];[10, 4, 6, 2, 4, 5, 4, 9, 2, 5];88.61;20004;2042;11254122 ; [81, 1, 81, 81, 81, 81, 81, 81, 81, 81, 81, 81, 81, 81, 81, 81, 81, 81, 81, 81, 81, 81, 81, 81, 81, 81, 81, 81, 81, 81, 81, 81, 81, 81, 81, 81, 81, 81, 81, 81, 81, 81, 81, 81, 81, 81, 81, 81, 81, 81, 81, 81, 81, 81, 81, 81, 81, 81, 81, 81, 81, 81, 81, 81, 81, 81, 81, 81, 81, 81, 81, 81, 81, 81, 81, 81, 81, 81, 81, 81, 81, 81];[[false, false, false, true, false, true, true, true, true, false, false, false, true, false, true, true, true, true]];
0;jfluid-1.7.0 82C.odem;82;[-1.0,1.5,-2.0,-1.5,0.5,0.5,-2.5,-2.5,0.0,0.0,];[3, 8, 1, 2, 6, 6, 0, 0, 5, 5];87.34;20002;1727;11255358 ; [81, 81, 81, 81, 81, 81, 81, 81, 81, 81, 81, 81, 81, 81, 81, 81, 81, 81, 81, 81, 81, 81, 81, 81, 81, 81, 81, 81, 81, 81, 81, 81, 81, 81, 81, 81, 81, 81, 81, 81, 81, 81, 81, 81, 81, 81, 81, 81, 81, 81, 81, 81, 81, 81, 81, 81, 81, 81, 81, 81, 81, 81, 81, 81, 81, 81, 66, 81, 81, 81, 81, 81, 81, 81, 81, 81, 81, 81, 81, 81, 81, 81];[[true, false, false, true, false, true, false, true, true, true, false, false, true, false, true, false, true, true]];
0;jfluid-1.7.0 82C.odem;82;[2.5,-0.5,-0.5,-1.5,0.0,0.5,-1.0,-1.0,1.0,-1.0,];[10, 4, 4, 2, 5, 6, 3, 3, 7, 3];88.61;20004;16049;11284850 ; [20, 81, 20, 81, 81, 81, 81, 20, 81, 81, 81, 81, 81, 81, 81, 20, 81, 81, 81, 81, 20, 81, 81, 81, 81, 81, 81, 81, 81, 81, 81, 81, 81, 81, 81, 81, 81, 81, 81, 81, 81, 81, 81, 81, 81, 81, 81, 81, 81, 81, 81, 81, 81, 81, 81, 81, 81, 81, 81, 81, 81, 81, 81, 81, 81, 81, 81, 81, 81, 81, 81, 81, 81, 81, 81, 81, 81, 81, 81, 81, 81, 81];[[false, true, true, false, false, true, false, true, true, false, true, true, false, false, true, false, true, true]];
0;jfluid-1.7.0 82C.odem;82;[2.0,-1.0,-2.0,2.0,-2.5,-0.5,1.5,0.0,-1.5,0.0,];[9, 3, 1, 9, 0, 4, 8, 5, 2, 5];87.34;20007;503;11295320 ; [81, 12, 81, 81, 81, 81, 81, 81, 81, 81, 81, 81, 12, 81, 81, 81, 81, 81, 81, 81, 81, 81, 81, 81, 81, 81, 81, 81, 81, 81, 81, 81, 81, 81, 81, 81, 81, 81, 81, 81, 81, 81, 81, 81, 81, 81, 81, 81, 81, 81, 81, 81, 81, 81, 81, 81, 81, 81, 81, 81, 81, 81, 81, 81, 81, 81, 81, 81, 81, 81, 81, 81, 81, 81, 81, 81, 81, 81, 81, 81, 81, 81];[[false, true, false, true, false, true, true, true, false, false, true, false, true, false, true, true, true, false]];
0;jfluid-1.7.0 82C.odem;82;[2.5,1.0,1.5,-2.5,-2.0,1.5,0.0,0.5,-1.5,2.5,];[10, 7, 8, 0, 1, 8, 5, 6, 2, 10];87.34;20014;2015;11297557 ; [81, 81, 81, 81, 81, 81, 81, 81, 81, 81, 81, 81, 81, 81, 81, 81, 81, 81, 81, 81, 81, 79, 81, 79, 81, 79, 81, 79, 81, 79, 81, 79, 81, 79, 81, 79, 81, 79, 81, 79, 81, 79, 81, 79, 81, 79, 81, 79, 81, 79, 79, 81, 79, 81, 79, 79, 79, 81, 79, 81, 79, 79, 79, 81, 79, 81, 81, 79, 79, 79, 81, 79, 81, 81, 74, 79, 79, 79, 81, 79, 81, 81];[[false, true, true, false, true, false, true, true, false, false, true, true, false, true, false, true, true, false]];
0;jfluid-1.7.0 82C.odem;82;[2.5,-2.5,2.0,2.5,0.0,1.0,-2.0,1.0,2.0,-1.0,];[10, 0, 9, 10, 5, 7, 1, 7, 9, 3];87.34;20004;10904;11319824 ; [81, 81, 81, 81, 81, 81, 81, 81, 81, 81, 81, 81, 81, 81, 81, 81, 81, 81, 81, 81, 81, 81, 81, 81, 81, 81, 81, 81, 81, 81, 81, 81, 81, 81, 81, 81, 81, 81, 81, 81, 81, 81, 81, 81, 81, 81, 81, 81, 81, 81, 81, 81, 81, 81, 81, 81, 81, 81, 81, 81, 81, 81, 81, 81, 81, 81, 81, 81, 81, 81, 81, 81, 81, 81, 74, 81, 81, 81, 81, 81, 81, 81];[[false, true, false, true, true, false, true, true, false, false, true, false, true, true, false, true, true, false]];
0;jfluid-1.7.0 82C.odem;82;[1.5,0.5,-1.0,1.0,-2.5,-0.5,-2.5,1.5,1.0,-2.0,];[8, 6, 3, 7, 0, 4, 0, 8, 7, 1];87.34;20016;2835;11332221 ; [76, 76, 76, 76, 76, 76, 76, 76, 76, 76, 76, 76, 76, 76, 76, 76, 76, 76, 76, 76, 76, 77, 76, 77, 76, 77, 76, 77, 76, 77, 76, 77, 76, 77, 76, 77, 76, 77, 76, 77, 76, 77, 81, 77, 76, 75, 77, 80, 81, 81, 81, 72, 77, 76, 75, 77, 79, 80, 81, 81, 81, 72, 77, 75, 76, 77, 78, 79, 80, 81, 81, 81, 72, 77, 74, 75, 76, 77, 78, 79, 80, 81];[[true, false, true, false, false, true, false, true, true, true, false, true, false, false, true, false, true, true]];
0;jfluid-1.7.0 82C.odem;82;[1.5,-2.5,-0.5,2.5,1.0,0.0,-0.5,1.5,2.5,-1.5,];[8, 0, 4, 10, 7, 5, 4, 8, 10, 2];88.61;20015;14984;11348438 ; [79, 79, 79, 79, 79, 79, 79, 79, 79, 79, 79, 79, 79, 79, 79, 79, 79, 79, 79, 79, 79, 79, 79, 79, 79, 79, 79, 79, 79, 79, 79, 79, 79, 79, 79, 79, 79, 79, 79, 79, 79, 79, 79, 79, 79, 79, 79, 79, 79, 79, 79, 79, 79, 79, 79, 79, 79, 79, 79, 79, 79, 79, 79, 79, 79, 79, 79, 79, 79, 79, 79, 79, 79, 79, 79, 79, 79, 79, 79, 79, 81, 81];[[true, true, false, false, false, true, true, true, false, true, true, false, false, false, true, true, true, false]];
0;jfluid-1.7.0 82C.odem;82;[2.0,-2.5,-1.5,2.5,2.0,0.0,2.5,-1.5,2.0,1.5,];[9, 0, 2, 10, 9, 5, 10, 2, 9, 8];92.41;20010;420;11349776 ; [81, 81, 81, 81, 81, 81, 81, 81, 81, 81, 81, 81, 81, 81, 81, 81, 81, 81, 81, 81, 81, 81, 81, 81, 81, 81, 81, 81, 81, 81, 81, 81, 81, 81, 81, 81, 81, 81, 81, 81, 81, 81, 81, 81, 81, 81, 81, 81, 81, 81, 81, 81, 81, 74, 81, 74, 81, 81, 81, 81, 81, 81, 81, 81, 81, 81, 81, 81, 81, 81, 81, 74, 81, 74, 74, 81, 81, 81, 81, 81, 81, 81];[[false, false, true, true, true, true, true, false, false, false, false, true, true, true, true, true, false, false]];
0;jfluid-1.7.0 82C.odem;82;[-1.0,0.5,-1.0,-1.5,0.0,-2.0,-1.5,2.0,0.0,0.0,];[3, 6, 3, 2, 5, 1, 2, 9, 5, 5];96.2;20019;8344;11339110 ; [81, 15, 15, 81, 81, 81, 81, 81, 81, 81, 81, 81, 81, 81, 81, 15, 81, 81, 81, 81, 81, 81, 81, 81, 81, 81, 81, 81, 81, 81, 81, 81, 81, 81, 81, 81, 81, 81, 81, 81, 81, 81, 81, 81, 81, 81, 81, 81, 81, 81, 81, 81, 81, 81, 81, 81, 81, 81, 81, 81, 81, 81, 81, 81, 81, 81, 81, 81, 81, 81, 81, 81, 81, 81, 81, 81, 81, 81, 81, 81, 81, 81];[[true, true, false, false, true, true, false, false, true, true, true, false, false, true, true, false, false, true]];
0;jfluid-1.7.0 82C.odem;82;[2.0,2.0,0.5,0.5,0.0,1.0,-1.0,0.0,0.0,0.0,];[9, 9, 6, 6, 5, 7, 3, 5, 5, 5];87.34;20020;748;11357514 ; [81, 81, 81, 81, 81, 81, 81, 81, 81, 81, 81, 81, 81, 81, 81, 81, 81, 81, 81, 81, 81, 81, 81, 81, 81, 81, 81, 81, 81, 81, 81, 81, 81, 81, 81, 81, 81, 81, 81, 81, 81, 81, 81, 81, 81, 81, 81, 81, 81, 81, 81, 81, 81, 81, 81, 81, 81, 81, 81, 81, 81, 81, 81, 81, 81, 81, 81, 81, 81, 81, 81, 81, 81, 81, 74, 81, 81, 81, 81, 81, 81, 81];[[false, true, true, false, false, true, true, true, false, false, true, true, false, false, true, true, true, false]];
0;jfluid-1.7.0 82C.odem;82;[-2.5,-0.5,-2.0,-0.5,0.0,-1.5,-1.0,-0.5,2.5,0.0,];[0, 4, 1, 4, 5, 2, 3, 4, 10, 5];94.94;20015;6555;11361088 ; [81, 1, 81, 81, 81, 81, 81, 81, 81, 81, 81, 81, 81, 81, 81, 81, 81, 27, 81, 81, 20, 21, 81, 81, 81, 81, 27, 27, 81, 81, 81, 81, 81, 81, 81, 81, 81, 81, 81, 81, 81, 81, 81, 81, 81, 81, 81, 81, 48, 81, 81, 81, 81, 81, 81, 81, 81, 81, 81, 81, 81, 81, 81, 81, 81, 81, 81, 81, 81, 81, 81, 81, 81, 81, 74, 81, 81, 81, 81, 81, 81, 81];[[true, true, true, false, true, false, true, false, false, true, true, true, false, true, false, true, false, false]];
0;jfluid-1.7.0 82C.odem;82;[1.0,-2.0,-1.0,1.0,0.0,1.0,-1.0,1.0,-2.0,2.5,];[7, 1, 3, 7, 5, 7, 3, 7, 1, 10];88.61;20018;10667;11344580 ; [1, 1, 81, 81, 81, 81, 81, 81, 81, 81, 81, 81, 81, 81, 81, 81, 81, 81, 81, 81, 81, 81, 81, 81, 81, 81, 81, 81, 81, 81, 81, 81, 81, 81, 81, 81, 81, 81, 81, 81, 81, 81, 81, 81, 81, 81, 81, 81, 81, 81, 81, 81, 81, 81, 81, 81, 81, 81, 81, 81, 81, 81, 81, 81, 81, 81, 81, 81, 81, 81, 81, 81, 81, 81, 81, 81, 81, 81, 81, 81, 81, 81];[[true, false, false, true, false, false, true, true, true, true, false, false, true, false, false, true, true, true]];
0;jfluid-1.7.0 82C.odem;82;[1.0,-2.5,0.5,1.5,-0.5,0.0,-1.0,1.5,-2.5,2.0,];[7, 0, 6, 8, 4, 5, 3, 8, 0, 9];88.61;20007;6300;11370496 ; [81, 81, 81, 81, 81, 81, 81, 81, 81, 81, 81, 81, 81, 81, 81, 81, 81, 81, 81, 81, 81, 81, 81, 81, 81, 81, 81, 81, 81, 81, 81, 81, 81, 81, 81, 81, 81, 81, 81, 81, 81, 81, 81, 81, 81, 81, 81, 81, 81, 81, 81, 81, 81, 81, 81, 81, 81, 81, 81, 81, 81, 81, 81, 81, 81, 81, 81, 81, 81, 81, 81, 81, 81, 81, 74, 81, 81, 81, 81, 81, 81, 81];[[true, false, true, false, true, false, true, true, false, true, false, true, false, true, false, true, true, false]];
0;jfluid-1.7.0 82C.odem;82;[-2.0,-2.0,0.5,1.5,1.0,1.0,0.5,-1.5,-0.5,2.5,];[1, 1, 6, 8, 7, 7, 6, 2, 4, 10];88.61;20018;617;11387189 ; [81, 1, 81, 81, 81, 81, 81, 81, 81, 81, 81, 81, 81, 81, 81, 81, 81, 81, 81, 81, 81, 81, 81, 81, 81, 81, 81, 81, 81, 81, 81, 81, 81, 81, 81, 81, 81, 81, 81, 81, 81, 81, 81, 81, 81, 81, 81, 81, 81, 81, 81, 81, 81, 81, 81, 81, 81, 81, 81, 81, 81, 81, 81, 81, 81, 81, 81, 81, 81, 81, 81, 81, 81, 81, 81, 81, 81, 81, 81, 81, 81, 81];[[true, true, false, false, false, false, true, true, true, true, true, false, false, false, false, true, true, true]];
0;jfluid-1.7.0 82C.odem;82;[0.5,-2.5,-0.5,-1.5,-1.0,-2.0,2.0,0.5,-1.0,0.0,];[6, 0, 4, 2, 3, 1, 9, 6, 3, 5];88.61;20017;5994;11386780 ; [0, 81, 10, 3, 4, 5, 6, 10, 8, 9, 10, 11, 12, 13, 14, 15, 16, 17, 18, 19, 20, 21, 22, 23, 24, 25, 26, 27, 28, 81, 30, 31, 32, 33, 34, 35, 36, 37, 38, 39, 40, 41, 42, 81, 44, 45, 46, 47, 48, 49, 50, 51, 52, 53, 54, 55, 56, 57, 58, 59, 60, 61, 62, 63, 64, 65, 66, 67, 68, 69, 70, 71, 72, 73, 74, 75, 76, 77, 78, 79, 80, 81];[[false, true, false, true, false, true, true, false, true, false, true, false, true, false, true, true, false, true]];
0;jfluid-1.7.0 82C.odem;82;[0.5,1.5,2.0,-2.5,-1.5,1.5,1.5,-1.0,1.5,-1.5,];[6, 8, 9, 0, 2, 8, 8, 3, 8, 2];88.61;20007;3139;11388094 ; [21, 21, 81, 21, 21, 81, 81, 81, 81, 81, 81, 81, 81, 81, 81, 81, 81, 21, 81, 81, 81, 21, 81, 81, 81, 81, 81, 81, 81, 81, 81, 81, 81, 81, 81, 81, 81, 81, 81, 81, 81, 81, 81, 81, 81, 81, 81, 81, 81, 81, 81, 81, 81, 81, 81, 81, 81, 81, 81, 81, 81, 81, 81, 81, 81, 81, 81, 81, 81, 81, 81, 81, 81, 81, 81, 81, 81, 81, 81, 81, 81, 81];[[true, false, false, false, false, true, true, true, true, true, false, false, false, false, true, true, true, true]];
0;jfluid-1.7.0 82C.odem;82;[1.5,-1.5,-1.0,-2.0,0.0,0.5,2.0,0.0,-2.5,0.5,];[8, 2, 3, 1, 5, 6, 9, 5, 0, 6];89.87;20013;7851;11468064 ; [41, 81, 41, 81, 81, 81, 81, 81, 81, 81, 81, 81, 81, 81, 81, 81, 81, 81, 81, 81, 81, 81, 81, 81, 81, 81, 81, 81, 81, 81, 81, 81, 81, 81, 81, 81, 81, 81, 81, 81, 81, 41, 81, 81, 81, 81, 81, 81, 81, 81, 81, 81, 81, 81, 81, 81, 81, 81, 81, 81, 81, 81, 81, 81, 81, 81, 81, 81, 81, 81, 81, 81, 81, 81, 81, 81, 81, 81, 81, 81, 81, 81];[[true, false, true, false, true, false, true, false, true, true, false, true, false, true, false, true, false, true]];
0;jfluid-1.7.0 82C.odem;82;[1.5,-2.5,-2.5,-2.5,-0.5,0.5,0.5,1.0,-2.5,1.0,];[8, 0, 0, 0, 4, 6, 6, 7, 0, 7];92.41;20010;10887;11483036 ; [81, 81, 2, 81, 81, 81, 81, 81, 81, 81, 81, 81, 81, 81, 81, 81, 81, 81, 81, 81, 81, 81, 81, 81, 81, 81, 81, 81, 81, 81, 81, 81, 81, 81, 81, 81, 81, 81, 81, 81, 81, 81, 81, 81, 81, 81, 81, 81, 81, 81, 81, 81, 81, 81, 81, 81, 81, 81, 81, 81, 81, 81, 81, 81, 81, 81, 81, 81, 81, 81, 81, 81, 81, 81, 81, 81, 81, 81, 81, 81, 81, 81];[[true, false, false, true, true, true, false, false, true, true, false, false, true, true, true, false, false, true]];
0;junit-3.8.1 100C.odem;100;[-0.5,1.5,-1.0,0.0,0.0,2.5,1.5,0.5,-1.0,1.0,];[4, 8, 3, 5, 5, 10, 8, 6, 3, 7];58.7;20014;9099;17403634 ; [99, 99, 99, 99, 99, 99, 99, 99, 99, 99, 99, 99, 99, 99, 99, 99, 99, 99, 99, 99, 99, 99, 99, 99, 99, 99, 99, 99, 99, 99, 99, 99, 99, 99, 99, 99, 99, 99, 99, 99, 99, 99, 99, 99, 99, 99, 99, 99, 99, 99, 99, 99, 99, 99, 99, 99, 99, 99, 99, 99, 60, 99, 99, 99, 99, 99, 99, 99, 99, 99, 99, 99, 99, 99, 99, 99, 99, 99, 99, 99, 99, 99, 99, 99, 99, 99, 99, 99, 99, 99, 99, 99, 99, 99, 99, 99, 99, 99, 99, 99];[[false, true, true, false, false, true, false, true, true, false, true, true, false, false, true, false, true, true]];
0;junit-3.8.1 100C.odem;100;[-1.0,-0.5,-0.5,0.5,1.5,0.0,0.5,2.5,-2.5,1.5,];[3, 4, 4, 6, 8, 5, 6, 10, 0, 8];54.35;20015;2730;17490657 ; [99, 99, 99, 99, 99, 99, 99, 99, 99, 99, 99, 99, 99, 99, 99, 99, 99, 99, 99, 99, 99, 99, 99, 99, 99, 99, 99, 99, 99, 99, 99, 99, 99, 99, 99, 99, 99, 37, 99, 99, 99, 99, 99, 99, 99, 99, 99, 99, 99, 99, 99, 99, 99, 99, 99, 99, 99, 99, 99, 99, 99, 99, 99, 99, 99, 99, 99, 99, 99, 99, 99, 99, 99, 99, 99, 99, 99, 99, 99, 99, 99, 99, 99, 99, 99, 99, 99, 99, 99, 99, 99, 99, 99, 99, 99, 99, 99, 99, 99, 99];[[false, true, false, true, false, true, true, false, true, false, true, false, true, false, true, true, false, true]];
0;junit-3.8.1 100C.odem;100;[-0.5,-2.5,-1.0,-0.5,-0.5,0.5,1.0,1.0,2.5,2.5,];[4, 0, 3, 4, 4, 6, 7, 7, 10, 10];57.61;20001;13128;17510204 ; [99, 99, 99, 99, 99, 99, 99, 99, 99, 99, 99, 99, 99, 99, 99, 99, 99, 99, 98, 99, 99, 98, 98, 99, 99, 99, 99, 99, 99, 98, 99, 99, 99, 99, 99, 99, 99, 99, 98, 99, 98, 99, 98, 99, 98, 99, 99, 99, 98, 98, 98, 98, 99, 98, 98, 99, 98, 98, 99, 99, 99, 98, 99, 99, 99, 98, 98, 98, 98, 98, 98, 98, 99, 98, 99, 98, 98, 98, 98, 98, 98, 98, 98, 99, 99, 98, 98, 98, 98, 98, 98, 99, 98, 99, 98, 98, 98, 98, 98, 99];[[false, true, false, true, true, false, true, true, false, false, true, false, true, true, false, true, true, false]];
0;junit-3.8.1 100C.odem;100;[0.5,0.0,-0.5,-1.0,-0.5,1.5,2.0,2.0,-1.5,-1.0,];[6, 5, 4, 3, 4, 8, 9, 9, 2, 3];75.0;20019;12292;17517468 ; [99, 99, 99, 99, 99, 99, 99, 99, 99, 99, 99, 99, 99, 99, 99, 99, 99, 99, 99, 99, 99, 99, 99, 99, 99, 99, 99, 99, 99, 99, 99, 99, 99, 99, 99, 99, 99, 99, 99, 99, 99, 99, 99, 99, 99, 99, 99, 47, 99, 99, 99, 99, 99, 99, 99, 99, 99, 99, 99, 99, 99, 99, 99, 99, 99, 99, 99, 99, 99, 99, 99, 99, 99, 99, 99, 99, 99, 99, 99, 99, 99, 99, 99, 99, 99, 99, 99, 99, 99, 99, 99, 99, 99, 99, 99, 99, 99, 99, 99, 99];[[true, false, false, false, false, true, true, true, true, true, false, false, false, false, true, true, true, true]];
0;junit-3.8.1 100C.odem;100;[-1.0,0.5,-0.5,0.0,0.0,-2.5,-1.5,-0.5,-2.5,0.0,];[3, 6, 4, 5, 5, 0, 2, 4, 0, 5];79.35;20010;11175;17535565 ; [98, 98, 98, 98, 98, 99, 98, 99, 99, 99, 99, 99, 99, 99, 99, 98, 98, 99, 98, 98, 99, 98, 99, 99, 99, 99, 99, 98, 99, 99, 99, 98, 98, 99, 98, 99, 99, 99, 98, 98, 99, 99, 99, 98, 98, 99, 98, 99, 99, 99, 99, 99, 98, 99, 99, 98, 99, 99, 98, 99, 99, 99, 98, 99, 99, 99, 99, 99, 99, 99, 99, 99, 99, 99, 99, 99, 99, 99, 99, 99, 99, 99, 99, 98, 99, 99, 99, 99, 99, 99, 99, 99, 98, 98, 99, 99, 99, 99, 98, 99];[[true, true, false, false, true, true, false, false, true, true, true, false, false, true, true, false, false, true]];
0;junit-3.8.1 100C.odem;100;[1.5,-0.5,0.0,0.0,0.0,1.5,2.0,2.5,1.5,0.5,];[8, 4, 5, 5, 5, 8, 9, 10, 8, 6];76.09;20003;19118;17570854 ; [99, 99, 99, 99, 99, 99, 99, 99, 99, 99, 99, 99, 99, 99, 99, 99, 99, 99, 99, 99, 99, 99, 99, 99, 99, 99, 99, 99, 99, 99, 59, 99, 99, 99, 99, 99, 99, 99, 99, 99, 99, 99, 99, 99, 99, 59, 59, 99, 99, 99, 99, 99, 99, 99, 99, 99, 99, 99, 99, 59, 60, 99, 99, 99, 99, 99, 99, 99, 99, 99, 99, 99, 72, 99, 74, 99, 99, 99, 99, 99, 99, 99, 99, 99, 99, 99, 99, 99, 99, 99, 99, 99, 99, 99, 99, 99, 99, 99, 99, 99];[[true, false, false, true, false, true, false, true, true, true, false, false, true, false, true, false, true, true]];
0;junit-3.8.1 100C.odem;100;[-1.5,-1.5,-1.5,0.0,-1.5,2.5,-1.5,-1.0,0.0,-1.0,];[2, 2, 2, 5, 2, 10, 2, 3, 5, 3];68.48;20003;9995;17615693 ; [99, 99, 99, 99, 99, 99, 99, 99, 99, 99, 99, 99, 99, 99, 99, 99, 99, 99, 99, 99, 99, 99, 99, 99, 99, 99, 99, 99, 99, 99, 99, 99, 99, 99, 99, 84, 84, 84, 99, 99, 99, 84, 99, 99, 99, 99, 99, 99, 99, 99, 99, 99, 99, 99, 99, 99, 99, 99, 99, 99, 99, 99, 99, 84, 99, 99, 99, 99, 99, 99, 99, 99, 99, 99, 99, 99, 99, 99, 99, 99, 99, 99, 99, 99, 84, 99, 99, 99, 99, 99, 99, 99, 99, 99, 99, 99, 99, 99, 99, 99];[[true, true, false, false, false, false, true, true, true, true, true, false, false, false, false, true, true, true]];
0;junit-3.8.1 100C.odem;100;[1.5,-1.0,2.5,2.5,0.0,1.0,2.0,2.5,-1.0,0.0,];[8, 3, 10, 10, 5, 7, 9, 10, 3, 5];78.26;20007;6042;17646692 ; [99, 99, 99, 99, 99, 99, 99, 99, 99, 99, 99, 99, 99, 99, 99, 99, 99, 99, 99, 99, 99, 99, 99, 99, 99, 99, 99, 99, 99, 99, 99, 99, 99, 99, 99, 99, 99, 99, 99, 99, 99, 99, 99, 99, 99, 99, 99, 84, 99, 99, 99, 99, 99, 99, 99, 99, 99, 99, 99, 99, 99, 99, 99, 84, 99, 99, 99, 99, 99, 99, 99, 99, 99, 99, 99, 99, 99, 99, 99, 99, 99, 99, 99, 99, 84, 99, 99, 99, 99, 99, 99, 99, 99, 99, 99, 99, 99, 99, 99, 99];[[true, true, true, false, true, false, true, false, false, true, true, true, false, true, false, true, false, false]];
0;junit-3.8.1 100C.odem;100;[0.5,0.0,0.5,0.0,0.5,0.0,1.0,2.0,0.0,2.0,];[6, 5, 6, 5, 6, 5, 7, 9, 5, 9];77.17;20007;4076;17689275 ; [99, 99, 99, 99, 99, 99, 99, 99, 99, 99, 99, 99, 99, 99, 99, 99, 99, 99, 99, 99, 99, 99, 99, 99, 99, 99, 99, 99, 99, 99, 95, 99, 99, 99, 99, 99, 93, 99, 95, 99, 99, 95, 99, 99, 89, 95, 89, 95, 93, 93, 95, 99, 95, 99, 89, 93, 93, 95, 99, 93, 94, 95, 99, 95, 89, 93, 93, 95, 99, 93, 94, 95, 97, 99, 99, 95, 89, 93, 93, 95, 99, 93, 94, 95, 97, 97, 99, 99, 95, 89, 93, 93, 99, 93, 94, 95, 97, 97, 99, 99];[[true, false, true, false, true, false, true, true, false, true, false, true, false, true, false, true, true, false]];
0;junit-3.8.1 100C.odem;100;[0.0,-2.5,2.5,-1.0,0.5,0.5,0.0,-2.0,-2.0,2.5,];[5, 0, 10, 3, 6, 6, 5, 1, 1, 10];53.26;20007;339;17702487 ; [92, 92, 92, 92, 92, 92, 92, 92, 92, 92, 92, 92, 92, 92, 92, 92, 92, 92, 92, 96, 92, 96, 92, 96, 92, 96, 97, 86, 87, 92, 93, 96, 97, 86, 87, 88, 89, 90, 83, 92, 93, 95, 96, 97, 80, 81, 83, 83, 85, 86, 87, 88, 89, 90, 92, 93, 95, 96, 97, 98, 79, 80, 81, 82, 83, 85, 86, 87, 88, 89, 90, 92, 92, 93, 94, 95, 96, 97, 98, 79, 80, 81, 82, 83, 84, 85, 86, 87, 88, 89, 90, 92, 92, 93, 94, 95, 96, 97, 98, 99];[[false, true, false, false, true, true, false, true, true, false, true, false, false, true, true, false, true, true]];
0;junit-3.8.1 100C.odem;100;[0.0,0.5,-1.5,-2.5,1.0,0.0,2.5,-2.0,1.5,-1.5,];[5, 6, 2, 0, 7, 5, 10, 1, 8, 2];53.26;20009;5319;17742014 ; [60, 72, 84, 34, 84, 84, 63, 63, 48, 9, 10, 11, 12, 13, 63, 48, 63, 84, 18, 63, 72, 72, 22, 23, 24, 84, 93, 72, 63, 29, 30, 72, 84, 33, 34, 84, 84, 72, 38, 39, 40, 84, 42, 43, 44, 84, 72, 63, 48, 49, 50, 51, 52, 53, 54, 55, 56, 57, 58, 84, 60, 61, 62, 63, 64, 65, 66, 67, 68, 69, 70, 71, 72, 84, 74, 75, 76, 77, 78, 79, 80, 81, 82, 84, 84, 85, 86, 87, 88, 89, 90, 91, 92, 93, 94, 95, 96, 97, 98, 99];[[false, true, false, true, false, true, true, true, false, false, true, false, true, false, true, true, true, false]];
0;junit-3.8.1 100C.odem;100;[-0.5,2.5,1.5,0.0,0.0,0.0,-0.5,-1.5,0.5,0.5,];[4, 10, 8, 5, 5, 5, 4, 2, 6, 6];59.78;20009;18763;17762314 ; [99, 99, 99, 99, 99, 99, 99, 99, 99, 99, 99, 99, 99, 99, 99, 99, 99, 99, 99, 99, 99, 52, 99, 99, 99, 99, 99, 99, 99, 99, 99, 99, 99, 99, 99, 99, 36, 37, 99, 99, 99, 41, 42, 99, 99, 99, 46, 99, 99, 49, 50, 99, 52, 53, 54, 55, 56, 57, 99, 99, 99, 61, 99, 63, 64, 65, 66, 67, 68, 69, 70, 71, 99, 73, 99, 75, 76, 77, 78, 79, 80, 81, 82, 99, 99, 85, 86, 87, 88, 89, 90, 91, 92, 99, 94, 95, 99, 99, 99, 99];[[false, true, true, false, true, false, true, true, false, false, true, true, false, true, false, true, true, false]];
0;junit-3.8.1 100C.odem;100;[1.0,-1.0,2.0,-0.5,-2.0,2.0,0.5,0.0,0.5,2.5,];[7, 3, 9, 4, 1, 9, 6, 5, 6, 10];78.26;20011;13526;17774428 ; [93, 93, 93, 17, 93, 17, 93, 93, 93, 93, 93, 93, 13, 13, 93, 93, 17, 17, 74, 93, 93, 93, 74, 74, 93, 74, 93, 93, 93, 58, 93, 93, 32, 99, 99, 93, 93, 93, 93, 40, 40, 93, 93, 99, 93, 93, 93, 93, 99, 93, 93, 93, 75, 58, 58, 58, 58, 58, 58, 75, 93, 62, 62, 93, 75, 66, 66, 68, 68, 70, 70, 76, 74, 75, 74, 75, 76, 78, 78, 80, 80, 82, 82, 93, 93, 93, 93, 93, 93, 93, 93, 93, 93, 93, 99, 99, 99, 99, 99, 99];[[false, false, true, true, true, true, true, false, false, false, false, true, true, true, true, true, false, false]];
0;junit-3.8.1 100C.odem;100;[2.5,-2.5,1.0,0.0,0.0,-1.5,-0.5,-2.5,-1.0,1.0,];[10, 0, 7, 5, 5, 2, 4, 0, 3, 7];60.87;20010;7033;17781924 ; [96, 96, 96, 96, 96, 96, 96, 96, 96, 96, 96, 96, 96, 96, 96, 96, 99, 96, 96, 99, 96, 99, 99, 96, 99, 96, 96, 96, 96, 99, 96, 96, 96, 99, 99, 96, 96, 96, 96, 96, 96, 96, 99, 96, 99, 96, 96, 96, 99, 99, 99, 96, 99, 99, 99, 99, 99, 99, 99, 99, 99, 99, 96, 96, 99, 99, 99, 99, 99, 99, 99, 99, 99, 99, 99, 99, 96, 99, 99, 99, 99, 99, 99, 96, 96, 99, 99, 99, 99, 99, 99, 99, 99, 96, 99, 99, 96, 99, 99, 99];[[false, true, true, false, false, true, true, true, false, false, true, true, false, false, true, true, true, false]];
0;junit-3.8.1 100C.odem;100;[-0.5,-2.5,1.0,0.5,2.0,2.5,-1.0,2.0,0.0,-1.5,];[4, 0, 7, 6, 9, 10, 3, 9, 5, 2];56.52;20016;10984;17795224 ; [99, 99, 99, 99, 99, 99, 99, 99, 99, 99, 99, 99, 99, 99, 99, 99, 99, 99, 99, 99, 99, 99, 99, 99, 99, 99, 99, 99, 99, 99, 99, 99, 99, 99, 99, 99, 99, 99, 99, 99, 99, 99, 99, 99, 99, 45, 99, 99, 99, 99, 99, 99, 99, 99, 99, 99, 99, 99, 99, 99, 99, 99, 99, 99, 99, 99, 99, 99, 99, 99, 99, 99, 99, 99, 99, 99, 99, 99, 99, 99, 99, 99, 99, 99, 99, 99, 99, 99, 99, 99, 99, 99, 99, 99, 99, 99, 99, 99, 99, 99];[[false, false, false, true, false, true, true, true, true, false, false, false, true, false, true, true, true, true]];
0;junit-3.8.1 100C.odem;100;[-2.0,1.0,-2.5,0.0,0.0,0.5,-2.5,-1.5,0.0,0.0,];[1, 7, 0, 5, 5, 6, 0, 2, 5, 5];71.74;20009;7627;17806061 ; [84, 84, 84, 84, 84, 99, 99, 84, 99, 99, 99, 99, 99, 99, 84, 99, 99, 99, 99, 99, 99, 99, 99, 99, 99, 84, 84, 84, 84, 84, 84, 84, 99, 84, 84, 84, 99, 84, 84, 99, 84, 84, 99, 84, 84, 99, 99, 84, 84, 99, 99, 99, 99, 99, 99, 84, 99, 84, 99, 84, 84, 99, 84, 84, 99, 99, 99, 99, 99, 99, 99, 84, 84, 84, 84, 99, 99, 99, 99, 99, 99, 99, 99, 99, 84, 99, 99, 99, 99, 99, 99, 99, 99, 99, 99, 99, 99, 99, 99, 99];[[true, true, false, false, false, true, true, true, false, true, true, false, false, false, true, true, true, false]];
0;junit-3.8.1 100C.odem;100;[-2.0,1.0,-2.0,-0.5,-1.0,2.0,0.0,-2.0,-1.0,-2.0,];[1, 7, 1, 4, 3, 9, 5, 1, 3, 1];72.83;20002;1374;17823179 ; [99, 84, 99, 84, 84, 84, 84, 84, 45, 84, 84, 84, 84, 84, 84, 99, 84, 45, 99, 99, 45, 99, 99, 99, 45, 99, 99, 84, 99, 99, 84, 45, 99, 99, 99, 84, 84, 84, 99, 99, 99, 84, 99, 99, 99, 45, 99, 84, 99, 99, 99, 99, 99, 99, 99, 99, 99, 99, 99, 99, 99, 99, 99, 84, 99, 99, 99, 99, 99, 99, 99, 99, 99, 99, 99, 99, 99, 99, 99, 99, 99, 99, 99, 99, 84, 99, 99, 99, 99, 99, 99, 99, 99, 99, 99, 99, 99, 99, 99, 99];[[true, false, true, false, true, false, true, false, true, true, false, true, false, true, false, true, false, true]];
0;junit-3.8.1 100C.odem;100;[1.5,1.0,-0.5,-1.0,-1.5,2.5,0.0,0.0,-0.5,-0.5,];[8, 7, 4, 3, 2, 10, 5, 5, 4, 4];72.83;20011;14581;17811412 ; [99, 99, 99, 99, 99, 99, 99, 99, 99, 99, 99, 99, 99, 99, 99, 99, 99, 99, 99, 99, 99, 99, 99, 99, 99, 99, 99, 99, 99, 99, 99, 99, 99, 99, 99, 99, 48, 99, 99, 99, 99, 41, 99, 99, 99, 48, 99, 99, 48, 99, 99, 99, 99, 99, 99, 99, 99, 99, 99, 99, 99, 99, 99, 63, 99, 99, 99, 99, 99, 99, 99, 99, 99, 99, 99, 99, 99, 99, 99, 99, 99, 99, 99, 99, 99, 99, 99, 99, 99, 99, 99, 99, 99, 99, 99, 99, 99, 99, 99, 99];[[true, false, false, true, false, false, true, true, true, true, false, false, true, false, false, true, true, true]];
0;junit-3.8.1 100C.odem;100;[0.5,0.5,-1.5,-2.5,-2.5,2.0,-0.5,1.0,2.0,2.0,];[6, 6, 2, 0, 0, 9, 4, 7, 9, 9];73.91;20017;4993;17883537 ; [98, 98, 98, 98, 98, 98, 98, 98, 98, 98, 98, 98, 98, 98, 98, 98, 98, 98, 98, 98, 98, 98, 98, 98, 98, 98, 98, 98, 98, 98, 98, 98, 98, 98, 98, 98, 98, 98, 98, 98, 98, 98, 98, 98, 98, 98, 98, 98, 98, 98, 98, 98, 98, 98, 98, 98, 98, 98, 98, 98, 98, 98, 98, 98, 98, 98, 98, 98, 98, 98, 98, 98, 98, 98, 98, 98, 98, 98, 98, 98, 98, 98, 98, 98, 98, 98, 98, 98, 98, 98, 98, 98, 98, 98, 98, 98, 98, 98, 98, 99];[[true, false, true, false, false, true, false, true, true, true, false, true, false, false, true, false, true, true]];
0;junit-3.8.1 100C.odem;100;[1.5,1.0,0.0,-1.0,1.0,-1.5,2.5,1.5,-2.0,2.0,];[8, 7, 5, 3, 7, 2, 10, 8, 1, 9];76.09;20019;15082;17937849 ; [98, 98, 98, 98, 98, 98, 98, 98, 98, 98, 98, 98, 98, 98, 98, 98, 98, 98, 98, 98, 98, 98, 98, 98, 98, 98, 98, 98, 98, 98, 98, 98, 98, 98, 98, 98, 98, 98, 98, 98, 98, 98, 98, 98, 98, 98, 98, 98, 98, 98, 98, 98, 98, 98, 98, 98, 98, 98, 98, 98, 98, 98, 98, 98, 98, 98, 98, 98, 98, 98, 98, 98, 98, 98, 98, 98, 98, 98, 98, 98, 98, 98, 98, 98, 98, 98, 98, 98, 98, 98, 98, 98, 98, 98, 98, 98, 98, 98, 98, 99];[[true, false, false, true, true, true, false, false, true, true, false, false, true, true, true, false, false, true]];
0;xmldom 119C.odem;119;[-2.5,0.5,0.0,0.0,0.0,-1.5,0.0,0.0,-2.5,-1.5,];[0, 6, 5, 5, 5, 2, 5, 5, 0, 2];86.73;20018;8642;25557969 ; [3, 1, 2, 3, 4, 5, 6, 7, 8, 9, 10, 11, 12, 13, 14, 15, 16, 17, 18, 19, 20, 21, 22, 23, 24, 25, 26, 27, 28, 29, 30, 31, 32, 33, 34, 35, 36, 37, 38, 39, 40, 41, 42, 43, 44, 45, 46, 47, 48, 49, 50, 51, 52, 53, 54, 55, 56, 57, 58, 59, 60, 61, 62, 63, 64, 65, 66, 67, 68, 69, 70, 71, 72, 73, 74, 75, 76, 77, 78, 79, 80, 81, 82, 83, 84, 85, 86, 87, 88, 89, 90, 91, 92, 93, 94, 95, 96, 97, 98, 99, 100, 101, 102, 103, 104, 105, 106, 107, 108, 109, 110, 111, 112, 113, 114, 115, 116, 117, 118];[[true, true, false, false, false, false, true, true, true, true, true, false, false, false, false, true, true, true]];
0;xmldom 119C.odem;119;[2.0,0.0,-1.5,1.5,0.0,-2.0,2.0,0.5,-0.5,-1.0,];[9, 5, 2, 8, 5, 1, 9, 6, 4, 3];70.8;20016;15821;25707544 ; [47, 1, 2, 3, 4, 5, 6, 7, 8, 9, 10, 11, 12, 13, 47, 15, 47, 17, 18, 19, 20, 21, 22, 23, 24, 25, 26, 27, 28, 29, 30, 31, 32, 33, 34, 35, 36, 37, 38, 39, 40, 41, 42, 43, 44, 45, 46, 47, 48, 49, 50, 51, 52, 53, 54, 55, 56, 57, 58, 59, 60, 61, 62, 63, 64, 65, 66, 67, 68, 69, 70, 71, 72, 73, 74, 75, 76, 77, 78, 79, 80, 81, 82, 83, 84, 85, 86, 87, 88, 89, 90, 91, 92, 93, 94, 95, 96, 97, 98, 99, 100, 101, 102, 103, 104, 105, 106, 107, 108, 109, 110, 111, 112, 113, 114, 115, 116, 117, 118];[[false, true, false, false, true, true, false, true, true, false, true, false, false, true, true, false, true, true]];
0;xmldom 119C.odem;119;[-0.5,2.5,1.5,0.0,-1.5,2.5,0.5,2.0,2.5,0.5,];[4, 10, 8, 5, 2, 10, 6, 9, 10, 6];78.76;20011;13315;25811817 ; [27, 1, 2, 3, 4, 5, 6, 7, 8, 9, 10, 11, 12, 13, 14, 15, 16, 17, 18, 19, 20, 21, 22, 23, 24, 25, 26, 27, 28, 29, 30, 31, 32, 33, 34, 35, 36, 37, 38, 39, 40, 41, 42, 43, 44, 45, 46, 47, 48, 49, 50, 51, 52, 53, 54, 55, 56, 57, 58, 59, 60, 61, 62, 63, 64, 65, 66, 67, 68, 69, 70, 71, 72, 73, 74, 75, 76, 77, 78, 79, 80, 81, 82, 83, 84, 85, 86, 87, 88, 89, 90, 91, 92, 93, 94, 95, 96, 97, 98, 99, 100, 101, 102, 103, 104, 105, 106, 107, 108, 109, 110, 111, 112, 113, 114, 115, 116, 117, 118];[[false, true, true, false, false, true, true, true, false, false, true, true, false, false, true, true, true, false]];
0;xmldom 119C.odem;119;[-1.5,2.0,-1.0,0.0,-2.5,0.0,-1.0,-2.0,2.0,2.0,];[2, 9, 3, 5, 0, 5, 3, 1, 9, 9];66.37;20005;9927;25831517 ; [3, 114, 2, 3, 4, 5, 6, 7, 8, 9, 10, 11, 12, 13, 14, 15, 16, 17, 18, 19, 20, 21, 22, 23, 24, 25, 26, 27, 28, 29, 30, 31, 32, 33, 34, 35, 36, 37, 38, 39, 40, 41, 42, 43, 44, 45, 46, 47, 48, 49, 50, 51, 52, 53, 54, 55, 56, 57, 58, 59, 60, 61, 62, 63, 64, 65, 66, 67, 68, 69, 70, 71, 72, 73, 74, 75, 76, 77, 78, 79, 80, 81, 82, 83, 84, 85, 86, 87, 88, 89, 90, 91, 92, 93, 94, 95, 96, 97, 98, 99, 100, 101, 102, 103, 104, 105, 106, 107, 108, 109, 110, 111, 112, 113, 114, 115, 116, 117, 118];[[false, true, false, true, false, true, true, true, false, false, true, false, true, false, true, true, true, false]];
0;xmldom 119C.odem;119;[-1.0,1.5,0.0,2.5,2.5,-1.5,1.5,0.0,2.5,2.5,];[3, 8, 5, 10, 10, 2, 8, 5, 10, 10];79.65;20003;13767;25835242 ; [118, 118, 118, 118, 118, 118, 118, 118, 118, 118, 118, 118, 118, 118, 118, 118, 118, 118, 118, 118, 118, 118, 118, 118, 118, 118, 118, 118, 118, 118, 118, 118, 118, 118, 118, 118, 118, 118, 118, 118, 118, 118, 118, 118, 118, 118, 118, 118, 118, 118, 118, 118, 118, 118, 118, 118, 118, 118, 118, 118, 118, 118, 118, 118, 118, 118, 118, 118, 118, 118, 118, 118, 118, 118, 118, 118, 118, 118, 118, 118, 118, 118, 118, 118, 118, 118, 118, 118, 118, 118, 118, 118, 118, 118, 118, 118, 118, 118, 118, 118, 118, 118, 118, 118, 118, 118, 118, 118, 118, 109, 118, 118, 118, 118, 118, 118, 118, 118, 118];[[true, false, false, true, true, true, false, false, true, true, false, false, true, true, true, false, false, true]];
0;xmldom 119C.odem;119;[0.0,2.0,1.0,0.0,0.0,1.0,1.0,-2.5,0.0,0.0,];[5, 9, 7, 5, 5, 7, 7, 0, 5, 5];91.15;20018;17640;25867979 ; [3, 1, 2, 3, 4, 5, 6, 7, 8, 9, 10, 11, 12, 13, 14, 15, 16, 17, 18, 19, 20, 21, 22, 23, 24, 25, 26, 27, 28, 29, 30, 31, 32, 33, 34, 35, 36, 37, 38, 39, 40, 41, 42, 43, 44, 45, 46, 47, 48, 49, 50, 51, 52, 53, 54, 55, 56, 57, 58, 59, 60, 61, 62, 63, 64, 65, 66, 67, 68, 69, 70, 71, 72, 73, 74, 75, 76, 77, 78, 79, 80, 81, 82, 83, 84, 85, 86, 87, 88, 89, 90, 91, 92, 93, 94, 95, 96, 97, 98, 99, 100, 101, 102, 103, 104, 105, 106, 107, 108, 109, 110, 111, 112, 113, 114, 115, 116, 117, 118];[[false, true, true, false, true, false, true, true, false, false, true, true, false, true, false, true, true, false]];
0;xmldom 119C.odem;119;[1.0,0.0,0.0,0.0,0.0,-2.0,1.5,1.5,0.0,0.5,];[7, 5, 5, 5, 5, 1, 8, 8, 5, 6];81.42;20017;6870;25886648 ; [10, 10, 10, 10, 29, 66, 6, 29, 29, 9, 10, 11, 12, 13, 14, 15, 16, 17, 18, 29, 20, 21, 22, 23, 24, 25, 26, 27, 28, 29, 30, 31, 32, 33, 34, 35, 36, 37, 38, 39, 40, 41, 42, 43, 44, 45, 46, 47, 48, 49, 50, 51, 52, 53, 54, 55, 56, 57, 114, 59, 60, 61, 62, 63, 64, 65, 66, 67, 68, 69, 70, 71, 72, 73, 74, 75, 76, 77, 78, 79, 80, 81, 82, 83, 84, 85, 86, 87, 88, 89, 90, 91, 92, 93, 94, 95, 96, 97, 98, 99, 100, 101, 102, 103, 104, 105, 106, 107, 108, 109, 110, 111, 112, 113, 114, 115, 116, 117, 118];[[true, false, false, true, false, false, true, true, true, true, false, false, true, false, false, true, true, true]];
0;xmldom 119C.odem;119;[0.0,-1.5,0.0,-1.0,-0.5,-2.5,-1.0,-1.5,1.0,0.0,];[5, 2, 5, 3, 4, 0, 3, 2, 7, 5];69.03;20007;7056;25909193 ; [9, 1, 2, 107, 107, 5, 6, 43, 9, 9, 10, 11, 12, 13, 14, 15, 16, 17, 18, 19, 20, 21, 22, 23, 24, 25, 26, 27, 28, 29, 30, 31, 32, 33, 34, 35, 36, 37, 38, 39, 40, 41, 42, 43, 44, 45, 46, 47, 48, 49, 50, 51, 52, 53, 54, 55, 56, 57, 58, 59, 60, 61, 62, 63, 64, 65, 66, 67, 68, 69, 70, 71, 72, 73, 74, 75, 76, 77, 78, 79, 80, 81, 82, 83, 84, 85, 86, 87, 88, 89, 90, 91, 92, 93, 94, 95, 96, 97, 98, 99, 100, 101, 102, 103, 104, 105, 106, 107, 108, 109, 110, 111, 112, 113, 114, 115, 116, 117, 118];[[false, false, false, true, false, true, true, true, true, false, false, false, true, false, true, true, true, true]];
0;xmldom 119C.odem;119;[-1.0,2.5,-2.5,-0.5,2.5,-1.5,-1.5,0.0,-2.0,0.0,];[3, 10, 0, 4, 10, 2, 2, 5, 1, 5];86.73;20004;14932;25926505 ; [107, 1, 2, 23, 4, 5, 23, 7, 23, 23, 23, 11, 12, 13, 23, 23, 16, 17, 18, 19, 20, 21, 22, 23, 24, 25, 26, 27, 28, 29, 30, 31, 32, 33, 34, 35, 36, 37, 38, 39, 40, 41, 42, 107, 44, 45, 46, 47, 48, 49, 50, 51, 52, 53, 54, 55, 56, 57, 58, 59, 60, 61, 62, 107, 64, 65, 66, 67, 68, 69, 70, 71, 72, 73, 74, 75, 76, 77, 78, 79, 80, 81, 82, 83, 84, 85, 86, 87, 88, 89, 90, 91, 92, 93, 94, 95, 96, 97, 98, 99, 100, 101, 102, 103, 104, 105, 106, 107, 108, 109, 110, 111, 112, 113, 114, 115, 116, 117, 118];[[true, true, false, false, false, true, true, true, false, true, true, false, false, false, true, true, true, false]];
0;xmldom 119C.odem;119;[-2.5,-2.0,1.5,-2.5,-2.0,0.5,-1.0,-2.0,1.5,-1.0,];[0, 1, 8, 0, 1, 6, 3, 1, 8, 3];83.19;20017;18728;25986227 ; [39, 39, 18, 39, 39, 39, 39, 39, 39, 39, 39, 39, 39, 39, 39, 39, 39, 39, 18, 19, 20, 27, 29, 31, 28, 29, 38, 27, 28, 29, 30, 31, 32, 33, 34, 108, 36, 37, 38, 39, 117, 42, 42, 43, 44, 45, 48, 47, 48, 63, 63, 51, 52, 53, 54, 55, 56, 66, 58, 59, 60, 61, 62, 63, 66, 65, 66, 67, 68, 69, 70, 71, 72, 73, 74, 75, 76, 77, 78, 79, 80, 81, 82, 83, 84, 85, 86, 87, 88, 89, 90, 91, 92, 93, 94, 95, 96, 97, 98, 101, 100, 101, 102, 103, 104, 107, 107, 107, 108, 111, 110, 111, 112, 114, 114, 115, 116, 117, 118];[[true, false, true, false, false, true, false, true, true, true, false, true, false, false, true, false, true, true]];
0;xmldom 119C.odem;119;[-1.0,1.0,-0.5,1.5,-2.5,-2.0,-0.5,0.0,-1.0,-1.5,];[3, 7, 4, 8, 0, 1, 4, 5, 3, 2];91.15;20018;10545;26057839 ; [118, 14, 18, 14, 14, 118, 14, 13, 118, 118, 15, 14, 14, 13, 14, 15, 16, 63, 18, 19, 20, 118, 29, 110, 28, 118, 118, 118, 28, 29, 30, 63, 32, 118, 118, 118, 118, 37, 118, 118, 117, 45, 45, 118, 45, 45, 117, 47, 117, 63, 63, 63, 63, 63, 63, 63, 63, 94, 94, 63, 63, 63, 94, 63, 94, 65, 94, 67, 68, 69, 70, 71, 72, 73, 74, 75, 76, 77, 78, 79, 80, 81, 82, 83, 84, 85, 86, 87, 88, 89, 90, 91, 92, 93, 94, 95, 101, 97, 98, 101, 100, 101, 102, 103, 104, 106, 106, 118, 118, 111, 110, 111, 118, 115, 115, 115, 118, 117, 118];[[true, true, true, false, true, false, true, false, false, true, true, true, false, true, false, true, false, false]];
0;xmldom 119C.odem;119;[2.5,-0.5,2.5,1.5,0.0,2.5,-1.5,-2.0,-0.5,1.0,];[10, 4, 10, 8, 5, 10, 2, 1, 4, 7];81.42;20012;1970;26122739 ; [89, 89, 107, 87, 89, 85, 85, 84, 89, 84, 82, 87, 85, 84, 87, 82, 84, 85, 85, 86, 87, 76, 81, 83, 79, 76, 86, 76, 79, 81, 82, 83, 84, 86, 85, 108, 86, 87, 78, 78, 117, 88, 88, 89, 78, 78, 77, 76, 77, 63, 63, 63, 63, 63, 63, 63, 63, 80, 78, 63, 63, 63, 63, 63, 80, 79, 80, 81, 82, 83, 84, 85, 86, 87, 88, 89, 76, 77, 78, 79, 80, 81, 82, 83, 84, 85, 86, 87, 88, 89, 90, 91, 92, 93, 94, 95, 96, 97, 98, 101, 100, 101, 102, 103, 104, 106, 106, 107, 108, 111, 110, 111, 112, 114, 114, 115, 116, 117, 118];[[true, false, true, false, true, false, true, false, true, true, false, true, false, true, false, true, false, true]];
0;xmldom 119C.odem;119;[-1.0,1.0,1.0,0.5,2.5,-0.5,-2.5,1.0,0.5,2.5,];[3, 7, 7, 6, 10, 4, 0, 7, 6, 10];75.22;20015;9136;26142110 ; [0, 107, 43, 19, 19, 5, 6, 7, 19, 19, 107, 11, 12, 13, 14, 15, 16, 17, 18, 19, 20, 21, 22, 23, 24, 25, 26, 27, 28, 29, 30, 31, 32, 33, 34, 35, 36, 37, 38, 39, 40, 41, 42, 43, 44, 45, 46, 47, 48, 49, 50, 51, 52, 53, 54, 55, 56, 57, 58, 59, 60, 61, 62, 63, 64, 65, 66, 67, 68, 69, 70, 71, 72, 73, 74, 75, 76, 77, 78, 79, 80, 81, 82, 83, 84, 85, 86, 87, 88, 89, 90, 91, 92, 93, 94, 95, 96, 97, 98, 99, 100, 101, 102, 103, 104, 105, 106, 107, 108, 109, 110, 111, 112, 113, 114, 115, 116, 117, 118];[[false, true, true, false, false, true, false, true, true, false, true, true, false, false, true, false, true, true]];
0;xmldom 119C.odem;119;[0.5,-2.5,-2.0,0.5,-2.5,-1.5,2.0,0.5,2.5,2.0,];[6, 0, 1, 6, 0, 2, 9, 6, 10, 9];63.72;20001;96;26296732 ; [114, 117, 117, 117, 117, 117, 117, 117, 114, 9, 117, 11, 12, 117, 117, 117, 16, 17, 18, 19, 20, 21, 117, 117, 117, 25, 117, 117, 28, 117, 30, 117, 32, 117, 34, 35, 36, 37, 38, 39, 40, 41, 66, 117, 44, 117, 114, 47, 117, 114, 114, 114, 114, 114, 114, 114, 114, 117, 117, 114, 114, 114, 62, 114, 64, 65, 66, 67, 68, 69, 70, 71, 72, 73, 74, 75, 76, 77, 78, 79, 80, 81, 82, 83, 84, 85, 86, 87, 88, 89, 90, 91, 92, 93, 94, 95, 96, 97, 98, 99, 100, 101, 102, 103, 104, 105, 117, 114, 117, 109, 117, 117, 112, 117, 114, 115, 116, 117, 118];[[false, true, false, true, false, true, true, false, true, false, true, false, true, false, true, true, false, true]];
0;xmldom 119C.odem;119;[2.5,-0.5,0.5,0.0,0.0,0.5,0.5,2.0,2.5,2.0,];[10, 4, 6, 5, 5, 6, 6, 9, 10, 9];84.96;20019;256;26359696 ; [0, 43, 2, 3, 4, 5, 6, 7, 8, 9, 10, 11, 12, 13, 14, 15, 16, 17, 18, 19, 20, 21, 22, 23, 24, 25, 26, 27, 28, 29, 30, 31, 32, 33, 34, 35, 36, 37, 38, 39, 40, 41, 42, 43, 44, 45, 46, 47, 48, 49, 50, 51, 52, 53, 54, 55, 56, 57, 58, 59, 60, 61, 62, 63, 64, 65, 66, 67, 68, 69, 70, 71, 72, 73, 74, 75, 76, 77, 78, 79, 80, 81, 82, 83, 84, 85, 86, 87, 88, 89, 90, 91, 92, 93, 94, 95, 96, 97, 98, 99, 100, 101, 102, 103, 104, 105, 106, 107, 108, 109, 110, 111, 112, 113, 114, 115, 116, 117, 118];[[true, true, false, false, true, true, false, false, true, true, true, false, false, true, true, false, false, true]];
0;xmldom 119C.odem;119;[-2.5,-1.0,-1.0,-1.0,0.0,0.0,-1.5,-1.0,-2.0,0.0,];[0, 3, 3, 3, 5, 5, 2, 3, 1, 5];73.45;20013;8696;26361160 ; [0, 14, 2, 3, 4, 5, 6, 7, 8, 9, 10, 11, 12, 13, 14, 15, 16, 17, 18, 19, 20, 21, 29, 23, 24, 25, 26, 27, 28, 29, 30, 31, 32, 33, 34, 35, 36, 37, 38, 39, 40, 41, 42, 43, 44, 45, 46, 47, 48, 49, 50, 51, 52, 53, 54, 55, 56, 57, 58, 59, 60, 61, 62, 63, 64, 65, 66, 67, 68, 69, 70, 71, 72, 73, 74, 75, 76, 77, 78, 79, 80, 81, 82, 83, 84, 85, 86, 87, 88, 89, 90, 91, 92, 93, 94, 95, 96, 97, 98, 99, 100, 101, 102, 103, 104, 105, 106, 107, 108, 109, 110, 111, 112, 113, 114, 115, 116, 117, 118];[[true, false, false, true, false, true, false, true, true, true, false, false, true, false, true, false, true, true]];
0;xmldom 119C.odem;119;[0.0,2.0,0.0,-2.0,0.0,1.5,2.5,0.0,-2.5,1.5,];[5, 9, 5, 1, 5, 8, 10, 5, 0, 8];65.49;20005;8171;26406780 ; [118, 118, 18, 118, 118, 118, 118, 118, 118, 118, 118, 118, 118, 118, 118, 118, 16, 118, 18, 118, 20, 118, 118, 118, 118, 118, 118, 118, 118, 118, 118, 118, 32, 118, 34, 118, 118, 37, 118, 118, 118, 45, 45, 118, 44, 45, 118, 47, 118, 118, 118, 118, 118, 118, 118, 118, 118, 118, 118, 118, 118, 118, 118, 118, 118, 65, 118, 67, 68, 69, 70, 71, 72, 73, 74, 75, 76, 77, 78, 79, 80, 81, 82, 83, 84, 85, 86, 87, 88, 89, 90, 91, 92, 93, 118, 95, 96, 97, 98, 118, 100, 118, 102, 103, 104, 118, 118, 118, 112, 111, 118, 111, 112, 118, 118, 118, 118, 118, 118];[[false, true, false, true, true, false, true, true, false, false, true, false, true, true, false, true, true, false]];
0;xmldom 119C.odem;119;[-1.5,-2.0,-2.5,-1.0,-1.5,2.5,1.5,2.5,-2.5,-0.5,];[2, 1, 0, 3, 2, 10, 8, 10, 0, 4];77.88;20010;2451;26487048 ; [107, 107, 118, 3, 4, 5, 6, 7, 107, 9, 10, 118, 12, 13, 14, 15, 118, 17, 18, 118, 118, 118, 118, 118, 118, 118, 26, 27, 28, 29, 118, 31, 118, 33, 118, 118, 118, 118, 38, 39, 118, 118, 42, 107, 44, 45, 118, 118, 48, 118, 118, 118, 118, 118, 118, 118, 118, 118, 58, 118, 118, 118, 118, 63, 118, 118, 66, 118, 118, 118, 118, 118, 118, 118, 118, 118, 118, 118, 118, 118, 118, 118, 118, 118, 118, 118, 118, 118, 118, 118, 118, 118, 118, 118, 118, 118, 96, 118, 118, 118, 118, 101, 118, 118, 118, 118, 106, 107, 108, 118, 110, 111, 112, 118, 114, 115, 116, 117, 118];[[true, false, false, false, false, true, true, true, true, true, false, false, false, false, true, true, true, true]];
0;xmldom 119C.odem;119;[-2.0,2.5,-2.0,0.5,1.0,-2.5,-2.0,-0.5,-0.5,-1.0,];[1, 10, 1, 6, 7, 0, 1, 4, 4, 3];76.11;20000;7441;26628445 ; [118, 118, 118, 118, 118, 118, 118, 118, 118, 118, 118, 118, 118, 118, 118, 118, 118, 118, 118, 118, 118, 118, 118, 118, 118, 118, 118, 118, 118, 118, 118, 118, 118, 118, 118, 118, 118, 118, 118, 118, 118, 118, 118, 43, 118, 118, 118, 118, 118, 118, 118, 118, 118, 118, 118, 118, 118, 118, 118, 118, 118, 118, 118, 118, 118, 118, 118, 118, 118, 118, 118, 118, 118, 118, 118, 118, 118, 118, 118, 118, 118, 118, 118, 118, 118, 118, 118, 118, 118, 118, 118, 118, 118, 118, 118, 118, 118, 118, 118, 118, 118, 118, 118, 118, 118, 118, 118, 118, 118, 118, 118, 118, 118, 118, 118, 118, 118, 118, 118];[[false, false, true, true, true, true, true, false, false, false, false, true, true, true, true, true, false, false]];
0;xmldom 119C.odem;119;[1.0,0.0,-1.5,-1.0,-2.0,0.0,0.0,1.0,1.0,2.0,];[7, 5, 2, 3, 1, 5, 5, 7, 7, 9];78.76;20013;3597;26959872 ; [14, 14, 14, 14, 4, 5, 6, 7, 14, 9, 10, 11, 12, 13, 14, 15, 16, 17, 18, 19, 20, 21, 22, 23, 24, 25, 26, 27, 28, 29, 30, 31, 32, 33, 34, 35, 36, 37, 38, 39, 40, 41, 42, 43, 44, 45, 46, 47, 48, 49, 50, 51, 52, 53, 54, 55, 56, 57, 58, 59, 60, 61, 62, 63, 64, 65, 66, 67, 68, 69, 70, 71, 72, 73, 74, 75, 76, 77, 78, 79, 80, 81, 82, 83, 84, 85, 86, 87, 88, 89, 90, 91, 92, 93, 94, 95, 96, 97, 98, 99, 100, 101, 102, 103, 104, 105, 106, 107, 108, 109, 110, 111, 112, 113, 114, 115, 116, 117, 118];[[true, false, true, false, true, false, true, true, false, true, false, true, false, true, false, true, true, false]];
