cicle;instance;nclasses;solutionreal;solution;mojo;evalsconsumed;besteval;time;cluster
0;udt-java 56C.odem;56;[1.0,-1.5,2.5,-0.5,-1.5,2.0,-2.5,1.0,0.0,1.0,];[7, 2, 10, 4, 2, 9, 0, 7, 5, 7];58.0;20013;12021;587160 ; [43, 1, 2, 3, 4, 48, 6, 7, 8, 43, 10, 11, 48, 13, 14, 15, 16, 17, 18, 19, 20, 21, 22, 23, 24, 25, 43, 27, 28, 29, 30, 31, 32, 33, 34, 35, 36, 37, 38, 39, 40, 41, 42, 43, 44, 45, 46, 47, 48, 49, 50, 51, 52, 53, 54, 55];[[true, false, false, false, false, true, true, true, true, true, false, false, false, false, true, true, true, true]];
0;udt-java 56C.odem;56;[2.5,-0.5,0.0,0.0,-1.0,1.5,1.0,0.0,0.0,2.0,];[10, 4, 5, 5, 3, 8, 7, 5, 5, 9];70.0;20019;6713;594663 ; [55, 55, 55, 55, 55, 55, 55, 55, 55, 55, 55, 55, 55, 55, 55, 55, 55, 55, 55, 55, 55, 55, 55, 55, 55, 55, 55, 55, 28, 55, 55, 55, 55, 55, 55, 55, 55, 55, 38, 39, 55, 55, 55, 55, 55, 55, 55, 55, 55, 55, 55, 55, 55, 55, 55, 55];[[true, true, false, false, false, false, true, true, true, true, true, false, false, false, false, true, true, true]];
0;udt-java 56C.odem;56;[2.5,-0.5,0.5,-2.5,2.0,2.0,2.0,-2.5,-1.0,2.5,];[10, 4, 6, 0, 9, 9, 9, 0, 3, 10];60.0;20015;1812;594433 ; [53, 53, 53, 3, 4, 53, 6, 7, 53, 53, 10, 53, 53, 53, 14, 43, 53, 17, 43, 19, 53, 21, 53, 23, 24, 25, 53, 43, 43, 29, 53, 31, 32, 33, 34, 35, 36, 53, 38, 39, 40, 41, 53, 43, 53, 53, 53, 53, 53, 49, 53, 51, 53, 53, 54, 55];[[true, false, false, true, false, true, false, true, true, true, false, false, true, false, true, false, true, true]];
0;udt-java 56C.odem;56;[1.5,1.0,-0.5,1.0,0.0,-0.5,1.0,-0.5,1.5,0.0,];[8, 7, 4, 7, 5, 4, 7, 4, 8, 5];64.0;20006;4695;597039 ; [3, 17, 39, 3, 11, 55, 55, 55, 16, 12, 13, 11, 12, 13, 55, 38, 16, 17, 33, 30, 30, 27, 23, 23, 55, 29, 28, 27, 28, 29, 30, 34, 36, 33, 34, 55, 36, 55, 38, 39, 55, 54, 54, 48, 55, 55, 55, 55, 48, 55, 55, 55, 55, 55, 54, 55];[[true, false, true, false, true, false, true, false, true, true, false, true, false, true, false, true, false, true]];
0;udt-java 56C.odem;56;[-1.5,2.5,2.5,0.0,0.0,1.5,2.0,-2.5,-0.5,2.5,];[2, 10, 10, 5, 5, 8, 9, 0, 4, 10];56.0;20010;2724;597632 ; [37, 52, 55, 3, 55, 5, 6, 7, 55, 55, 10, 11, 55, 13, 14, 15, 16, 17, 55, 55, 20, 21, 22, 55, 55, 55, 55, 27, 28, 29, 55, 31, 32, 33, 34, 35, 36, 37, 38, 39, 40, 41, 42, 55, 44, 45, 46, 47, 55, 49, 50, 51, 52, 55, 55, 55];[[true, false, true, false, true, false, true, true, false, true, false, true, false, true, false, true, true, false]];
0;udt-java 56C.odem;56;[-2.5,0.0,2.5,-1.5,-1.0,-1.0,2.5,2.0,-0.5,-0.5,];[0, 5, 10, 2, 3, 3, 10, 9, 4, 4];54.0;20021;5214;597287 ; [37, 1, 2, 3, 4, 5, 6, 48, 8, 26, 10, 11, 37, 13, 14, 15, 16, 17, 18, 19, 20, 21, 22, 23, 24, 25, 26, 27, 28, 29, 30, 31, 32, 33, 34, 35, 36, 37, 38, 39, 40, 41, 42, 48, 44, 45, 46, 47, 48, 49, 50, 51, 52, 53, 54, 55];[[false, true, true, false, false, true, false, true, true, false, true, true, false, false, true, false, true, true]];
0;udt-java 56C.odem;56;[0.5,0.0,2.5,0.5,-0.5,-1.5,2.5,2.0,-1.0,2.0,];[6, 5, 10, 6, 4, 2, 10, 9, 3, 9];74.0;20019;17481;600515 ; [15, 17, 48, 53, 12, 53, 9, 7, 8, 9, 10, 11, 12, 53, 14, 15, 16, 17, 18, 19, 53, 21, 22, 23, 24, 25, 26, 27, 28, 29, 30, 31, 32, 33, 34, 35, 36, 37, 38, 39, 40, 41, 42, 43, 44, 45, 46, 47, 48, 49, 50, 51, 53, 53, 54, 55];[[true, true, false, false, false, true, true, true, false, true, true, false, false, false, true, true, true, false]];
0;udt-java 56C.odem;56;[-0.5,-2.5,-0.5,-1.0,1.0,-2.5,2.0,0.5,-2.5,2.0,];[4, 0, 4, 3, 7, 0, 9, 6, 0, 9];42.0;20020;5018;602150 ; [0, 17, 2, 3, 4, 5, 6, 7, 8, 9, 10, 11, 12, 13, 14, 15, 16, 17, 18, 19, 20, 21, 22, 23, 24, 25, 26, 27, 28, 29, 30, 31, 32, 33, 34, 35, 36, 37, 38, 39, 40, 41, 42, 43, 44, 45, 46, 47, 48, 49, 50, 51, 52, 53, 54, 55];[[false, true, false, true, false, true, true, false, true, false, true, false, true, false, true, true, false, true]];
0;udt-java 56C.odem;56;[0.5,-1.5,2.5,-1.0,-1.5,1.5,1.5,-1.0,1.0,1.5,];[6, 2, 10, 3, 2, 8, 8, 3, 7, 8];74.0;20014;625;601685 ; [18, 28, 40, 3, 4, 5, 6, 18, 8, 18, 10, 11, 18, 13, 14, 15, 16, 17, 18, 19, 20, 21, 22, 23, 24, 25, 48, 48, 28, 29, 30, 31, 32, 33, 34, 35, 36, 37, 38, 39, 40, 41, 42, 43, 44, 45, 46, 47, 48, 49, 50, 51, 52, 53, 54, 55];[[true, true, false, false, true, true, false, false, true, true, true, false, false, true, true, false, false, true]];
0;udt-java 56C.odem;56;[-2.5,-2.0,-1.0,0.0,0.5,-2.0,-0.5,0.0,0.5,2.5,];[0, 1, 3, 5, 6, 1, 4, 5, 6, 10];42.0;20019;7998;603232 ; [0, 1, 2, 3, 4, 53, 6, 7, 8, 9, 10, 11, 12, 52, 14, 15, 16, 17, 18, 19, 20, 21, 22, 23, 24, 25, 26, 27, 28, 29, 30, 31, 32, 33, 34, 35, 36, 37, 38, 39, 40, 41, 42, 43, 44, 45, 46, 47, 48, 49, 50, 51, 52, 53, 54, 55];[[false, true, false, true, true, false, true, true, false, false, true, false, true, true, false, true, true, false]];
0;javaocr 59C.odem;59;[-1.0,-0.5,0.5,-1.0,-0.5,-1.0,2.0,0.5,-1.5,1.0,];[3, 4, 6, 3, 4, 3, 9, 6, 2, 7];43.14;20008;18254;626542 ; [21, 21, 21, 47, 21, 21, 21, 58, 21, 10, 10, 12, 12, 21, 15, 15, 58, 17, 22, 21, 21, 21, 22, 51, 25, 25, 27, 27, 29, 29, 58, 32, 32, 51, 58, 35, 36, 58, 38, 39, 40, 41, 42, 43, 44, 45, 51, 47, 51, 49, 51, 51, 52, 58, 54, 55, 56, 57, 58];[[false, false, false, true, false, true, true, true, true, false, false, false, true, false, true, true, true, true]];
0;javaocr 59C.odem;59;[2.0,0.0,2.0,2.0,2.0,-1.0,0.0,2.0,2.0,2.0,];[9, 5, 9, 9, 9, 3, 5, 9, 9, 9];62.75;20015;2466;627962 ; [57, 54, 57, 54, 54, 57, 54, 7, 8, 58, 10, 11, 12, 58, 14, 15, 16, 56, 18, 19, 20, 21, 22, 23, 58, 25, 26, 27, 28, 29, 30, 31, 32, 33, 58, 35, 36, 57, 38, 58, 58, 58, 58, 56, 44, 58, 46, 56, 57, 58, 58, 58, 58, 58, 54, 58, 56, 57, 58];[[true, true, false, false, false, false, true, true, true, true, true, false, false, false, false, true, true, true]];
0;javaocr 59C.odem;59;[-1.5,2.5,-2.0,0.5,-2.0,0.5,2.5,0.5,-0.5,1.0,];[2, 10, 1, 6, 1, 6, 10, 6, 4, 7];72.55;20017;4302;628816 ; [58, 58, 58, 58, 58, 58, 8, 8, 8, 58, 13, 13, 58, 13, 16, 16, 16, 58, 58, 58, 24, 58, 24, 24, 24, 26, 26, 30, 30, 58, 30, 37, 37, 58, 37, 37, 37, 37, 58, 58, 58, 58, 58, 58, 58, 58, 58, 58, 58, 58, 58, 58, 58, 58, 58, 58, 58, 58, 58];[[false, true, true, false, false, true, true, true, false, false, true, true, false, false, true, true, true, false]];
0;javaocr 59C.odem;59;[-1.0,2.5,-0.5,-2.5,-2.5,0.0,-2.5,0.0,0.5,0.0,];[3, 10, 4, 0, 0, 5, 0, 5, 6, 5];66.67;20013;10924;628549 ; [5, 5, 58, 58, 58, 5, 58, 58, 45, 45, 58, 58, 58, 58, 58, 58, 45, 58, 58, 45, 58, 58, 45, 58, 58, 45, 58, 45, 58, 58, 58, 58, 58, 58, 45, 58, 58, 58, 45, 58, 58, 58, 45, 58, 58, 45, 58, 58, 58, 58, 58, 58, 58, 58, 58, 58, 58, 58, 58];[[false, true, false, false, true, true, false, true, true, false, true, false, false, true, true, false, true, true]];
0;javaocr 59C.odem;59;[0.5,0.5,0.0,-1.5,-1.0,1.5,-2.5,0.0,2.5,1.5,];[6, 6, 5, 2, 3, 8, 0, 5, 10, 8];74.51;20006;18116;628370 ; [0, 58, 58, 58, 58, 58, 58, 58, 58, 58, 58, 58, 58, 58, 58, 58, 58, 58, 58, 58, 58, 58, 58, 58, 58, 58, 58, 58, 58, 58, 58, 58, 58, 58, 58, 58, 58, 58, 58, 58, 58, 58, 58, 58, 58, 58, 58, 58, 58, 58, 58, 58, 58, 58, 58, 58, 58, 58, 58];[[true, false, false, true, false, false, true, true, true, true, false, false, true, false, false, true, true, true]];
0;javaocr 59C.odem;59;[-2.5,0.5,1.0,-2.5,2.0,-1.5,-1.5,-2.5,-1.5,1.5,];[0, 6, 7, 0, 9, 2, 2, 0, 2, 8];49.02;20018;18200;629818 ; [24, 42, 48, 57, 4, 19, 19, 19, 8, 57, 19, 19, 12, 13, 14, 15, 16, 57, 18, 19, 20, 21, 22, 23, 24, 25, 26, 27, 28, 29, 30, 31, 32, 33, 58, 35, 36, 37, 38, 39, 40, 41, 42, 57, 44, 45, 46, 47, 48, 49, 50, 51, 57, 53, 58, 57, 57, 57, 58];[[false, true, false, true, false, true, true, true, false, false, true, false, true, false, true, true, true, false]];
0;javaocr 59C.odem;59;[0.5,-2.5,1.5,-2.5,-2.0,1.5,0.5,2.5,-1.5,1.0,];[6, 0, 8, 0, 1, 8, 6, 10, 2, 7];72.55;20015;155;629438 ; [0, 58, 58, 58, 58, 58, 58, 58, 58, 58, 58, 58, 58, 58, 58, 58, 58, 58, 58, 58, 58, 58, 58, 58, 58, 58, 58, 58, 58, 58, 58, 58, 58, 58, 58, 58, 58, 58, 58, 58, 58, 58, 58, 58, 58, 58, 58, 58, 58, 58, 58, 58, 58, 58, 58, 58, 58, 58, 58];[[true, false, true, false, false, true, false, true, true, true, false, true, false, false, true, false, true, true]];
0;javaocr 59C.odem;59;[-2.5,2.5,1.0,-1.5,0.0,-1.0,1.5,-1.5,-0.5,0.0,];[0, 10, 7, 2, 5, 3, 8, 2, 4, 5];74.51;20010;19529;630914 ; [0, 1, 2, 57, 4, 5, 6, 7, 8, 9, 10, 11, 12, 13, 14, 15, 16, 57, 57, 19, 20, 21, 22, 23, 24, 25, 26, 27, 28, 29, 30, 31, 32, 33, 34, 35, 36, 37, 38, 39, 40, 41, 57, 57, 44, 57, 46, 57, 57, 49, 50, 51, 52, 53, 57, 55, 56, 57, 58];[[false, true, true, false, true, false, true, true, false, false, true, true, false, true, false, true, true, false]];
0;javaocr 59C.odem;59;[-1.0,2.0,-1.5,0.0,2.5,-2.5,-0.5,1.0,0.0,-1.0,];[3, 9, 2, 5, 10, 0, 4, 7, 5, 3];84.31;20013;2964;630766 ; [2, 58, 2, 58, 58, 5, 6, 7, 58, 58, 58, 11, 12, 13, 58, 15, 16, 17, 18, 58, 24, 58, 58, 23, 24, 25, 26, 58, 28, 29, 30, 58, 32, 33, 34, 35, 36, 47, 38, 51, 40, 41, 58, 43, 58, 58, 46, 47, 58, 54, 54, 51, 58, 53, 54, 58, 58, 57, 58];[[true, false, false, true, true, true, false, false, true, true, false, false, true, true, true, false, false, true]];
0;udt-java 56C.odem;56;[-1.5,2.5,-1.5,-2.5,2.5,1.5,0.0,2.0,2.0,-1.5,];[2, 10, 2, 0, 10, 8, 5, 9, 9, 2];40.0;20020;4363;636765 ; [0, 1, 2, 3, 4, 5, 6, 37, 8, 52, 10, 11, 12, 13, 14, 15, 16, 17, 18, 19, 20, 21, 22, 23, 24, 25, 26, 27, 28, 29, 30, 31, 32, 33, 34, 35, 36, 37, 38, 39, 40, 41, 42, 43, 44, 45, 46, 47, 48, 49, 50, 51, 52, 53, 54, 55];[[false, true, false, true, false, true, true, true, false, false, true, false, true, false, true, true, true, false]];
0;udt-java 56C.odem;56;[-1.5,-1.0,-2.0,-2.0,-1.0,1.0,1.5,1.0,1.0,1.0,];[2, 3, 1, 1, 3, 7, 8, 7, 7, 7];54.0;20017;18616;640654 ; [53, 37, 2, 3, 37, 5, 6, 52, 8, 9, 10, 37, 12, 13, 14, 15, 16, 17, 37, 19, 20, 21, 22, 52, 24, 25, 26, 27, 28, 37, 30, 31, 32, 33, 34, 35, 36, 37, 52, 39, 52, 41, 42, 43, 44, 45, 46, 47, 48, 49, 50, 51, 52, 53, 54, 55];[[false, true, true, false, false, true, true, true, false, false, true, true, false, false, true, true, true, false]];
0;udt-java 56C.odem;56;[2.0,-1.0,1.0,-1.5,1.5,-2.5,-0.5,-2.5,1.0,-1.0,];[9, 3, 7, 2, 8, 0, 4, 0, 7, 3];58.0;20011;15280;640728 ; [55, 50, 50, 50, 50, 55, 55, 50, 50, 55, 50, 55, 50, 55, 50, 50, 50, 55, 50, 50, 50, 50, 55, 50, 50, 50, 50, 50, 50, 50, 55, 50, 50, 50, 50, 50, 50, 55, 50, 50, 50, 50, 55, 50, 50, 55, 50, 50, 50, 50, 50, 55, 55, 55, 55, 55];[[false, true, true, false, true, false, true, true, false, false, true, true, false, true, false, true, true, false]];
0;udt-java 56C.odem;56;[-0.5,-1.5,-2.0,-2.5,-1.5,-2.5,2.0,-0.5,1.0,-0.5,];[4, 2, 1, 0, 2, 0, 9, 4, 7, 4];40.0;20004;6551;641065 ; [38, 39, 28, 15, 39, 39, 37, 43, 39, 28, 53, 38, 19, 54, 14, 15, 30, 19, 18, 19, 20, 21, 39, 23, 24, 25, 26, 54, 28, 29, 30, 31, 32, 33, 34, 35, 36, 37, 38, 39, 54, 41, 42, 43, 44, 45, 46, 47, 48, 53, 50, 51, 54, 53, 54, 55];[[false, false, false, true, false, true, true, true, true, false, false, false, true, false, true, true, true, true]];
0;udt-java 56C.odem;56;[-1.5,1.5,0.0,-2.5,-2.5,0.5,0.5,0.0,-1.0,-1.0,];[2, 8, 5, 0, 0, 6, 6, 5, 3, 3];54.0;20012;13069;643345 ; [55, 55, 55, 55, 55, 54, 55, 55, 55, 55, 55, 55, 55, 55, 55, 55, 55, 55, 55, 55, 55, 55, 55, 55, 55, 54, 55, 55, 55, 55, 55, 55, 55, 55, 55, 54, 55, 55, 55, 55, 54, 54, 54, 55, 54, 55, 54, 54, 54, 54, 54, 54, 54, 55, 54, 55];[[true, false, true, false, false, true, false, true, true, true, false, true, false, false, true, false, true, true]];
0;udt-java 56C.odem;56;[0.5,-1.0,-1.0,1.5,-1.5,2.5,-2.5,2.0,-2.0,2.0,];[6, 3, 3, 8, 2, 10, 0, 9, 1, 9];42.0;20010;4247;643261 ; [37, 1, 2, 3, 4, 43, 6, 37, 8, 9, 10, 11, 12, 13, 14, 15, 16, 17, 37, 19, 20, 21, 22, 23, 24, 25, 26, 27, 30, 29, 30, 37, 32, 33, 34, 35, 36, 37, 43, 43, 43, 41, 42, 43, 44, 45, 46, 47, 48, 49, 50, 51, 53, 53, 54, 55];[[false, true, false, false, true, true, false, true, true, false, true, false, false, true, true, false, true, true]];
0;udt-java 56C.odem;56;[2.0,-0.5,-0.5,1.0,-1.0,-2.0,2.0,2.0,2.0,-2.5,];[9, 4, 4, 7, 3, 1, 9, 9, 9, 0];54.0;20002;16862;643229 ; [0, 1, 2, 25, 4, 5, 6, 28, 8, 9, 10, 11, 12, 13, 14, 43, 16, 24, 18, 19, 20, 21, 22, 23, 24, 25, 26, 27, 28, 29, 30, 31, 32, 33, 34, 35, 36, 37, 38, 39, 40, 41, 42, 43, 44, 45, 46, 47, 48, 49, 50, 51, 52, 53, 54, 55];[[true, false, false, true, false, false, true, true, true, true, false, false, true, false, false, true, true, true]];
0;udt-java 56C.odem;56;[-1.5,-2.0,0.0,-0.5,-1.0,-0.5,-2.5,0.5,0.5,-1.5,];[2, 1, 5, 4, 3, 4, 0, 6, 6, 2];52.0;20010;15283;645784 ; [28, 25, 42, 25, 29, 25, 42, 28, 42, 42, 42, 15, 12, 42, 15, 15, 27, 30, 18, 19, 20, 21, 28, 23, 24, 25, 26, 27, 28, 29, 30, 31, 32, 33, 34, 35, 36, 37, 38, 39, 40, 41, 42, 43, 44, 45, 46, 47, 48, 49, 50, 51, 52, 53, 54, 55];[[false, false, true, true, true, true, true, false, false, false, false, true, true, true, true, true, false, false]];
0;udt-java 56C.odem;56;[0.5,2.5,1.0,1.5,0.0,-2.0,-1.0,-1.5,-1.5,0.0,];[6, 10, 7, 8, 5, 1, 3, 2, 2, 5];94.0;20013;12186;646198 ; [0, 1, 34, 39, 4, 49, 53, 52, 49, 9, 12, 49, 12, 52, 14, 15, 54, 39, 18, 19, 20, 21, 52, 23, 24, 25, 26, 27, 28, 29, 49, 34, 49, 33, 34, 35, 36, 37, 38, 39, 40, 41, 54, 43, 44, 45, 54, 53, 48, 49, 50, 51, 52, 53, 54, 55];[[true, true, true, false, true, false, true, false, false, true, true, true, false, true, false, true, false, false]];
0;udt-java 56C.odem;56;[-1.0,0.5,0.5,0.5,0.5,-0.5,-1.5,-1.0,-1.5,-1.5,];[3, 6, 6, 6, 6, 4, 2, 3, 2, 2];56.0;20004;17395;645522 ; [46, 53, 53, 46, 52, 53, 46, 53, 53, 46, 53, 52, 53, 53, 53, 53, 53, 53, 18, 20, 20, 53, 53, 53, 53, 53, 26, 53, 53, 52, 53, 52, 36, 53, 52, 53, 36, 37, 53, 52, 52, 48, 53, 48, 48, 53, 46, 48, 48, 52, 52, 52, 52, 53, 54, 55];[[true, false, false, true, true, true, false, false, true, true, false, false, true, true, true, false, false, true]];
0;javaocr 59C.odem;59;[-2.5,2.5,-2.0,2.5,-2.5,-1.0,-0.5,2.5,-2.0,2.0,];[0, 10, 1, 10, 0, 3, 4, 10, 1, 9];76.47;20003;1922;660414 ; [5, 44, 44, 5, 4, 5, 7, 7, 8, 9, 11, 11, 55, 13, 15, 15, 16, 17, 19, 19, 20, 21, 23, 23, 24, 27, 26, 27, 29, 29, 30, 56, 56, 56, 56, 36, 36, 37, 38, 39, 40, 41, 42, 43, 44, 45, 46, 47, 48, 49, 50, 51, 56, 53, 54, 55, 56, 57, 58];[[true, true, false, false, false, true, true, true, false, true, true, false, false, false, true, true, true, false]];
0;javaocr 59C.odem;59;[0.0,-2.0,0.5,-1.0,1.0,-2.5,-2.5,-1.5,0.5,-0.5,];[5, 1, 6, 3, 7, 0, 0, 2, 6, 4];68.63;20005;5052;660210 ; [56, 56, 56, 56, 56, 56, 56, 56, 56, 56, 10, 11, 12, 56, 16, 16, 16, 56, 18, 19, 24, 58, 24, 24, 24, 25, 58, 30, 30, 29, 30, 31, 32, 56, 58, 35, 36, 58, 58, 58, 58, 58, 58, 58, 44, 58, 46, 58, 58, 58, 58, 58, 56, 58, 58, 56, 56, 58, 58];[[false, true, true, false, false, true, false, true, true, false, true, true, false, false, true, false, true, true]];
0;javaocr 59C.odem;59;[0.0,-1.0,-1.0,-0.5,-1.5,-1.0,-2.0,-0.5,0.0,0.0,];[5, 3, 3, 4, 2, 3, 1, 4, 5, 5];58.82;20011;15667;661009 ; [58, 1, 2, 58, 58, 5, 6, 7, 58, 58, 10, 11, 12, 58, 14, 15, 58, 17, 18, 19, 58, 58, 58, 23, 58, 25, 58, 27, 28, 29, 58, 58, 58, 58, 58, 35, 36, 58, 58, 58, 58, 58, 58, 58, 44, 58, 58, 58, 58, 58, 58, 58, 58, 58, 58, 58, 58, 58, 58];[[false, true, false, true, false, true, true, false, true, false, true, false, true, false, true, true, false, true]];
0;javaocr 59C.odem;59;[1.0,2.0,-1.0,-2.5,-2.5,2.5,-2.5,-2.5,2.0,2.0,];[7, 9, 3, 0, 0, 10, 0, 0, 9, 9];78.43;20007;17210;661316 ; [58, 58, 58, 58, 58, 58, 58, 58, 58, 58, 58, 58, 58, 58, 58, 58, 58, 58, 58, 58, 58, 58, 58, 58, 58, 58, 58, 58, 58, 58, 58, 58, 58, 58, 58, 58, 58, 58, 58, 58, 58, 58, 58, 43, 58, 58, 58, 47, 58, 58, 58, 58, 58, 58, 54, 58, 58, 57, 58];[[true, false, true, false, true, false, true, true, false, true, false, true, false, true, false, true, true, false]];
0;javaocr 59C.odem;59;[2.5,-0.5,1.5,-0.5,0.0,0.5,0.5,1.5,-2.5,0.0,];[10, 4, 8, 4, 5, 6, 6, 8, 0, 5];78.43;20017;5479;661844 ; [58, 58, 58, 58, 4, 58, 8, 8, 8, 9, 58, 13, 13, 13, 58, 16, 16, 17, 58, 58, 58, 21, 58, 58, 58, 26, 26, 58, 30, 30, 30, 58, 58, 58, 58, 37, 37, 37, 58, 58, 58, 58, 58, 43, 58, 58, 58, 58, 58, 58, 58, 58, 58, 53, 58, 56, 56, 58, 58];[[false, false, true, true, true, true, true, false, false, false, false, true, true, true, true, true, false, false]];
0;javaocr 59C.odem;59;[1.5,-1.5,0.0,0.0,0.0,0.0,0.0,-0.5,0.0,1.0,];[8, 2, 5, 5, 5, 5, 5, 4, 5, 7];74.51;20009;13112;662111 ; [57, 57, 57, 57, 57, 57, 6, 7, 8, 9, 10, 11, 12, 57, 57, 15, 57, 57, 18, 57, 20, 21, 22, 23, 24, 25, 26, 27, 28, 29, 30, 31, 32, 33, 34, 35, 36, 37, 38, 57, 40, 41, 42, 57, 44, 45, 46, 57, 48, 49, 50, 57, 57, 57, 57, 57, 57, 57, 58];[[true, false, false, true, false, true, false, true, true, true, false, false, true, false, true, false, true, true]];
0;javaocr 59C.odem;59;[1.0,2.5,-2.5,0.5,-2.5,1.0,0.0,0.0,0.5,0.0,];[7, 10, 0, 6, 0, 7, 5, 5, 6, 5];78.43;20017;2096;664182 ; [0, 58, 58, 58, 58, 58, 58, 58, 58, 58, 58, 58, 58, 58, 58, 58, 58, 58, 58, 58, 58, 58, 58, 58, 58, 58, 58, 58, 58, 58, 58, 58, 58, 58, 58, 58, 58, 58, 58, 58, 58, 58, 58, 58, 58, 58, 58, 58, 58, 58, 58, 58, 58, 58, 58, 58, 58, 58, 58];[[true, false, true, false, true, false, true, false, true, true, false, true, false, true, false, true, false, true]];
0;javaocr 59C.odem;59;[-1.5,-2.0,0.5,-1.0,0.0,1.0,0.5,-0.5,2.5,0.0,];[2, 1, 6, 3, 5, 7, 6, 4, 10, 5];84.31;20003;15814;663271 ; [0, 56, 56, 58, 58, 56, 56, 56, 58, 58, 56, 56, 13, 13, 16, 16, 16, 56, 56, 19, 58, 58, 56, 23, 58, 25, 58, 30, 30, 30, 30, 56, 56, 58, 58, 35, 36, 58, 47, 58, 58, 58, 58, 43, 44, 58, 46, 47, 58, 58, 58, 58, 56, 58, 58, 56, 56, 58, 58];[[true, true, false, false, true, true, false, false, true, true, true, false, false, true, true, false, false, true]];
0;javaocr 59C.odem;59;[2.0,1.0,-0.5,-1.0,-2.0,2.5,1.5,0.0,0.0,-0.5,];[9, 7, 4, 3, 1, 10, 8, 5, 5, 4];70.59;20008;2319;663963 ; [52, 52, 52, 58, 58, 58, 58, 58, 58, 58, 58, 58, 58, 58, 58, 58, 58, 58, 58, 58, 58, 58, 58, 58, 58, 58, 58, 58, 58, 58, 58, 37, 37, 58, 37, 58, 58, 37, 58, 52, 54, 54, 58, 58, 58, 58, 58, 58, 58, 54, 54, 54, 52, 54, 54, 58, 58, 58, 58];[[true, false, false, false, false, true, true, true, true, true, false, false, false, false, true, true, true, true]];
0;javaocr 59C.odem;59;[-0.5,-1.5,0.0,0.0,0.0,1.5,2.0,2.0,0.0,1.5,];[4, 2, 5, 5, 5, 8, 9, 9, 5, 8];64.71;20006;12432;664260 ; [31, 54, 54, 54, 54, 54, 8, 8, 8, 54, 10, 54, 54, 54, 54, 16, 16, 17, 54, 54, 54, 54, 54, 54, 54, 26, 26, 54, 30, 30, 30, 31, 54, 54, 54, 35, 54, 54, 54, 54, 54, 54, 54, 54, 58, 54, 54, 54, 54, 54, 54, 54, 54, 54, 54, 58, 58, 57, 58];[[false, true, false, true, true, false, true, true, false, false, true, false, true, true, false, true, true, false]];
0;javaocr 59C.odem;59;[1.0,-0.5,1.5,1.0,2.5,-1.0,0.0,-1.5,2.5,1.5,];[7, 4, 8, 7, 10, 3, 5, 2, 10, 8];80.39;20007;14190;664962 ; [31, 31, 31, 31, 56, 56, 16, 30, 56, 34, 34, 34, 34, 34, 56, 56, 16, 57, 57, 57, 26, 56, 57, 23, 26, 25, 26, 27, 28, 29, 30, 31, 57, 33, 34, 35, 36, 53, 56, 53, 58, 56, 56, 43, 46, 58, 46, 58, 56, 56, 57, 56, 57, 53, 56, 57, 56, 57, 58];[[true, true, true, false, true, false, true, false, false, true, true, true, false, true, false, true, false, false]];
