     team inTeam outTeam num_commits        NAR
2000    7      7       0         100  14.279522
2001   16     10       1         695  89.178449
2002   26     15       5        1315 163.084560
2003   29     14      11        1694 205.854234
2004   25      7      11         533  64.376963
2005   21      9      13         773  64.340204
2006   29     13       5        1274  96.569712
2007   27      7       9        1488 107.877899
2008   28     12      11        1413  86.072098
2009   31     10       7        1536 114.580638
2010   20      4      15        1403 112.376377
2011   18      5       7         858  93.346288
2012   24     11       5         961  70.193199
2013   14      3      13         368  50.765568
2014    7      2       9         201  35.975521
2015   13      6       0         264  39.760501
2016    6      0       7         181  36.030080
2017    9      3       0         128  22.004419
2018    6      2       5          41   6.705719
2019    3      1       4          43  10.692677
2020    1      1       3          12         NA