      team inTeam outTeam num_commits       NAR
5.2.0    1      1       0          13        NA
5.3.0    1      1       1          13        NA
5.4.1    4      3       0         100 31.612234
5.4.2    6      3       1          74 12.956337
7.0.6    4      1       3          24  7.071068
7.0.7    1      0       3           2        NA
7.0.8    1      1       1          20        NA
7.0.9    1      0       0          49        NA
7.1.0    1      0       0          32        NA
7.2.0    2      1       0         106 73.539105
7.3.0    1      0       1          44        NA
7.3.1    1      0       0           7        NA
7.4.1    1      0       0          35        NA
7.5.1    2      1       0          48 32.526912
7.6.0    1      0       1          41        NA