      team inTeam outTeam num_commits         NAR
2.3.2    3      3       0          11   2.5166115
2.3.4    2      0       1           7   0.7071068
2.3.5    2      1       1           3   0.7071068
2.3.7    3      2       1           6   1.7320508
2.3.f    1      0       2           1          NA
2.4.1    2      1       0           8   2.8284271
2.4.2    2      1       1           6   0.0000000
2.5.1    2      1       1           2   0.0000000
2.5.f    5      3       0          13   1.1401754
2.6.f    3      0       2          15   1.7320508
3.0.0    3      1       1          25   6.6583281
3.0.1    3      1       1          13   2.5166115
3.0.2    1      0       2           2          NA
3.1.0    6      5       0          47   7.8336879
3.2.0   10      5       1         172  24.2935748
3.2.1    3      1       8           6   1.0000000
3.2.2    6      3       0          49  10.2648267
4.0.0   14     10       2         901 148.4761608
4.0.2    9      4       9         266  77.4501632
4.1.0   27     20       2        1642 188.4775108
4.2.0   29     13      11        1088 133.4143976
4.3.0   60     44      13        6479 283.4729827
4.3.1   11      1      50         262  25.2856409
4.3.2   16      5       0         396  30.2533745
4.3.3   19      6       3        1027  91.3348380
4.4.2   11      2      10         282  30.0009091
4.5.0   15      5       1         526  65.8195224
4.5.1   10      0       5         217  20.1882804
4.5.2   12      4       2         175  19.7505274
5.0.0   19      8       1         348  31.9183901
5.1.0   17      4       6         259  29.4629628
5.2.0   10      3      10         367  58.2619563
5.3.0   13      5       2         271  40.2468346
5.4.0    7      1       7         197  39.2361592
5.5.0    7      2       2         116  22.0518869
x'