     team inTeam outTeam num_commits       NAR
2000    1      1       0          13        NA
2001    1      1       1          12        NA
2002    4      3       0          30 11.676187
2003    6      3       1         143 34.172601
2004    5      1       2          22  5.272571
2005    1      0       4           3        NA
2006    2      1       0          18  8.485281
2007    1      0       1          78        NA
2008    2      1       0          68 46.669048
2009    1      0       1         117        NA
2010    2      1       0         103 71.417785
2011    1      0       1          38        NA
2012    1      0       0          12        NA
2013    1      0       0           5        NA
2014    1      0       0           2        NA
2015    1      0       0         300        NA
2016    1      0       0         128        NA
2017    1      0       0         126        NA