             org.gjt.sp.jedit.pluginmgr;0;1;0;0;0;0;0;0;0;0;0;0;0;0;0;0;0;0;0;0;0;0;0;0;0;0;1;0;0;0;0;0;0;1;0
               org.gjt.sp.jedit.options;1;0;0;0;0;0;0;0;0;0;0;0;0;0;0;0;0;0;0;0;0;1;0;0;0;0;1;0;0;0;0;0;0;1;0
                  org.gjt.sp.jedit.help;1;0;0;0;0;0;0;0;0;0;0;0;0;0;0;0;0;0;0;0;0;0;0;0;0;0;0;0;0;0;0;0;0;1;0
                  org.gjt.sp.jedit.menu;0;0;0;0;1;0;0;0;0;0;0;0;0;0;0;0;0;0;0;0;0;0;0;0;0;0;0;0;0;0;0;0;0;1;0
               org.gjt.sp.jedit.browser;1;0;1;1;0;0;0;0;0;0;0;0;0;0;0;0;0;0;0;0;0;1;0;0;0;1;1;0;0;0;0;0;0;1;0
         org.gjt.sp.jedit.gui.statusbar;0;0;0;0;0;0;0;0;0;0;0;0;0;0;0;0;0;0;0;0;0;0;0;0;0;0;1;0;0;0;0;0;0;0;0
                org.gjt.sp.jedit.indent;0;0;0;0;0;0;0;0;0;0;1;0;0;0;0;0;0;0;0;0;0;0;0;0;0;0;0;0;0;0;0;0;0;1;0
                org.gjt.sp.jedit.search;0;0;0;0;1;0;0;0;0;0;0;0;0;0;0;0;0;0;0;0;0;0;0;0;0;0;0;0;0;0;0;0;0;1;0
                 org.gjt.sp.jedit.input;0;0;0;0;0;0;0;0;0;0;0;0;0;0;0;0;0;0;0;0;0;1;0;0;0;0;1;0;0;0;0;0;0;1;0
          org.gjt.sp.jedit.datatransfer;0;0;0;0;1;0;0;0;0;0;0;0;0;0;0;0;0;0;0;0;0;1;0;0;0;0;1;0;0;0;0;0;0;1;0
                org.gjt.sp.jedit.buffer;0;1;0;0;0;1;1;1;1;1;0;0;0;0;0;0;0;0;0;0;0;1;0;0;0;0;1;0;0;0;0;0;0;1;0
          org.gjt.sp.jedit.bsh.commands;0;0;0;0;0;0;0;0;0;0;0;0;0;0;0;0;0;0;0;0;0;0;0;0;0;0;0;0;0;0;0;0;0;0;0
                      org.jedit.options;0;0;0;0;0;0;0;0;0;0;0;0;0;0;0;0;0;0;0;0;0;0;0;0;0;0;0;0;0;0;0;0;0;0;0
        org.gjt.sp.jedit.bsh.collection;0;0;0;0;0;0;0;0;0;0;0;0;0;0;0;0;1;0;0;0;0;0;0;0;0;0;0;0;0;0;0;0;0;0;0
           org.gjt.sp.jedit.bsh.reflect;0;0;0;0;0;0;0;0;0;0;0;0;0;0;0;0;1;0;0;0;0;0;0;0;0;0;0;0;0;0;0;0;0;0;0
         org.gjt.sp.jedit.bsh.classpath;0;0;0;0;0;0;0;0;0;0;0;0;0;0;0;0;1;0;0;0;0;0;0;0;0;0;0;0;0;0;0;0;0;1;0
                   org.gjt.sp.jedit.bsh;0;0;0;1;1;0;0;1;0;0;0;1;1;1;1;1;0;0;0;0;0;0;0;0;0;0;1;0;0;0;0;0;0;1;0
             org.gjt.sp.jedit.bufferset;0;1;0;0;0;1;0;1;0;0;0;0;0;0;0;0;0;0;0;0;0;1;0;0;0;0;1;0;0;0;0;0;0;1;0
                 org.gjt.sp.jedit.print;0;0;0;0;0;0;0;0;0;0;0;0;0;0;0;0;0;0;0;0;0;0;0;0;0;0;0;0;0;0;0;0;0;0;0
              org.gjt.sp.jedit.visitors;0;0;0;0;0;0;0;0;0;0;0;0;0;0;0;0;0;1;0;0;0;0;0;0;0;0;1;0;0;0;0;0;0;1;0
              org.gjt.sp.jedit.bufferio;0;0;0;0;1;0;0;0;0;0;0;0;0;0;0;0;0;0;0;0;0;1;0;0;0;1;0;0;0;0;0;1;0;1;0
              org.gjt.sp.jedit.textarea;0;1;0;1;0;1;0;1;1;1;1;0;0;0;0;0;0;0;1;1;1;0;0;1;0;0;1;0;0;0;0;0;0;1;0
              org.gjt.sp.jedit.gui.tray;0;0;0;0;0;0;0;0;0;0;0;0;0;0;0;0;0;0;0;0;0;0;0;0;0;0;0;0;0;0;0;0;0;1;0
                   org.gjt.sp.jedit.msg;1;1;1;1;1;1;0;1;0;0;0;0;0;0;0;0;0;1;0;0;0;1;1;0;0;1;1;0;0;0;0;0;0;1;0
                           org.jedit.io;0;0;0;0;0;0;0;0;0;0;0;0;0;0;0;0;0;0;0;0;0;0;0;0;0;0;0;0;0;0;0;0;0;0;0
                    org.gjt.sp.jedit.io;1;0;1;1;1;1;0;1;0;1;0;0;0;0;0;0;0;1;0;0;1;1;0;0;1;0;1;0;0;0;0;0;0;1;0
                   org.gjt.sp.jedit.gui;1;1;1;1;1;1;0;1;1;0;1;0;1;0;0;0;0;0;0;0;0;1;0;1;0;1;0;0;0;0;0;0;0;1;0
                    org.jedit.migration;0;0;0;0;0;0;0;0;0;0;0;0;0;0;0;0;0;0;0;0;0;0;0;0;0;0;0;0;0;0;0;0;0;1;0
   org.gjt.sp.jedit.proto.jeditresource;0;0;0;0;0;0;0;0;0;0;0;0;0;0;0;0;0;0;0;0;0;0;0;0;0;0;0;0;0;0;0;0;0;0;0
                       org.jedit.keymap;0;1;0;1;0;0;0;0;0;0;0;0;0;0;0;0;0;0;0;0;0;0;0;0;0;0;1;1;0;0;0;0;0;1;0
                org.gjt.sp.jedit.syntax;0;1;0;0;0;1;1;1;0;1;1;0;0;0;0;0;0;0;1;0;0;1;0;0;0;0;1;0;0;0;0;1;0;1;0
                        org.gjt.sp.util;1;1;1;1;1;1;1;1;1;0;1;0;1;0;0;0;0;1;1;0;1;1;1;1;0;1;1;1;1;1;1;0;0;1;0
                         org.jedit.core;0;0;0;0;0;0;0;0;0;0;0;0;0;0;0;0;0;0;0;0;0;0;0;0;0;0;0;1;0;0;0;0;0;1;0
                       org.gjt.sp.jedit;1;1;1;1;1;1;1;1;1;1;1;0;1;0;0;0;0;1;1;1;1;1;1;1;0;1;1;1;1;1;1;1;1;0;0
 org.gjt.sp.jedit.bsh.org.objectweb.asm;0;0;0;0;0;0;0;0;0;0;0;0;0;0;0;0;1;0;0;0;0;0;0;0;0;0;0;0;0;0;0;0;0;0;0
