 org.junit.experimental.theories.suppliers;0;0;0;0;0;0;0;0;0;0;0;0;0;0;0;0;0;0;0;0;0;0;0;0;0;0;0;0;0;0
  org.junit.experimental.theories.internal;0;0;1;0;0;0;0;0;0;0;0;0;0;0;0;0;0;0;0;0;0;0;0;0;0;0;0;0;0;0
           org.junit.experimental.theories;1;1;0;0;0;0;0;0;0;0;0;0;0;0;0;0;0;0;0;0;0;0;0;0;0;0;0;0;0;0
                org.junit.experimental.max;0;0;0;0;0;0;0;0;0;0;0;0;0;0;0;0;0;0;0;0;0;0;0;0;0;0;0;0;0;0
               org.junit.internal.requests;0;0;0;1;0;0;0;0;0;0;0;0;0;0;0;0;0;0;0;0;0;0;0;0;0;0;0;0;0;1
                    org.junit.experimental;0;0;0;0;0;0;0;0;0;0;0;0;0;0;0;0;0;0;0;0;0;0;0;0;0;0;0;0;0;0
         org.junit.experimental.categories;0;0;0;0;0;0;0;0;0;0;0;0;0;0;0;0;0;0;0;0;0;0;0;0;0;0;0;0;0;0
            org.junit.experimental.runners;0;0;0;0;0;0;0;0;0;0;0;0;0;0;0;0;0;0;0;0;0;0;0;0;0;0;0;0;0;0
           org.junit.runners.parameterized;0;0;0;0;0;0;0;0;0;0;1;0;0;0;0;0;0;0;0;0;0;0;0;0;0;0;0;0;0;0
               org.junit.internal.builders;0;0;0;0;1;0;0;0;0;0;1;0;0;0;0;0;0;0;0;0;0;0;0;0;0;0;0;0;0;1
                         org.junit.runners;0;0;1;1;0;1;1;1;1;1;0;0;0;0;0;0;0;0;1;0;0;0;0;0;1;0;0;0;0;1
                              junit.textui;0;0;0;0;0;0;0;0;0;0;0;0;0;0;0;0;0;0;0;0;0;0;0;0;0;0;0;0;0;0
                org.junit.internal.runners;0;0;0;1;1;0;0;0;0;1;1;0;0;0;0;0;0;0;0;0;0;0;0;0;0;0;1;0;0;1
                          junit.extensions;0;0;0;0;0;0;0;0;0;0;0;0;1;0;0;0;0;0;0;0;0;0;0;0;0;0;0;0;0;0
          org.junit.internal.runners.rules;0;0;0;0;0;0;0;0;0;0;1;0;0;0;0;0;0;0;0;0;0;0;0;0;0;0;0;0;0;0
                              junit.runner;0;0;0;0;0;0;0;0;0;0;0;1;0;0;0;0;0;0;0;0;0;0;0;0;0;0;0;0;0;1
                           org.junit.rules;0;0;0;0;0;0;0;0;0;0;1;0;0;0;1;0;0;0;0;0;0;0;0;0;0;0;0;0;0;0
                           junit.framework;0;0;0;1;0;0;0;0;0;1;0;1;1;1;0;1;0;0;0;0;0;0;0;0;0;0;0;0;0;1
                                 org.junit;0;1;1;0;0;0;1;0;0;1;1;0;0;0;1;0;1;1;0;0;0;0;0;0;1;0;1;0;0;0
                        org.junit.matchers;0;0;0;0;0;0;0;0;0;0;0;0;0;0;0;0;1;0;0;0;0;0;0;0;0;0;0;0;0;0
            org.junit.experimental.results;0;0;0;0;0;0;0;0;0;0;0;0;0;0;0;0;0;0;0;0;0;0;0;0;0;0;0;0;0;0
               org.junit.internal.matchers;0;0;0;0;0;0;0;0;0;0;0;0;0;0;0;0;1;0;0;1;0;0;0;0;0;0;0;0;0;0
          org.junit.internal.runners.model;0;0;0;0;0;0;0;0;0;0;1;0;0;0;0;0;0;0;0;0;0;0;0;0;0;0;1;0;0;0
     org.junit.internal.runners.statements;0;0;0;0;0;0;0;0;0;0;1;0;0;0;0;0;1;0;0;0;0;0;0;0;0;0;0;0;0;0
                        org.junit.internal;0;0;1;0;0;0;1;0;0;0;1;0;0;0;0;0;1;1;1;0;1;1;1;1;0;0;1;0;0;1
                       org.junit.validator;0;0;0;0;0;0;1;0;0;0;1;0;0;0;0;0;0;0;0;0;0;0;0;0;0;0;0;0;0;0
                   org.junit.runners.model;0;1;1;1;0;1;1;1;1;1;1;0;1;0;1;0;1;0;0;0;0;0;1;1;0;1;0;0;0;1
             org.junit.runner.manipulation;0;0;0;0;1;0;1;0;0;0;1;0;1;0;0;0;0;1;0;0;0;0;0;0;0;0;0;0;0;1
             org.junit.runner.notification;0;0;0;1;0;0;0;0;1;1;1;0;1;0;0;0;0;1;0;0;1;0;1;0;1;0;0;0;0;1
                          org.junit.runner;0;0;0;1;1;1;1;0;1;1;1;0;1;0;0;0;1;1;0;0;1;0;1;0;1;0;1;1;1;0
