instance;runtime;evaluationsConsumed;bestFitness;Time;bestSolution
0;jstl-1.0.6 18C.odem;18;[1.5,2.0,];[8, 9];35.71;5003;0;8857 ; [16, 16, 16, 16, 16, 16, 16, 16, 16, 16, 16, 16, 14, 16, 14, 17, 16, 17]
1;jstl-1.0.6 18C.odem;18;[1.0,0.5,];[7, 6];35.71;5001;0;8392 ; [16, 16, 16, 16, 16, 16, 16, 16, 16, 16, 16, 16, 16, 16, 16, 16, 16, 17]
0;jnanoxml 25C.odem;25;[-1.5,2.5,];[2, 10];95.83;5004;29;20434 ; [23, 23, 23, 23, 23, 23, 23, 23, 23, 23, 23, 23, 23, 23, 23, 23, 23, 23, 23, 23, 23, 23, 23, 23, 24]
2;jstl-1.0.6 18C.odem;18;[-2.0,-1.5,];[1, 2];35.71;5000;0;8672 ; [16, 16, 16, 16, 16, 16, 16, 16, 16, 16, 16, 16, 14, 16, 14, 17, 16, 17]
3;jstl-1.0.6 18C.odem;18;[2.0,2.5,];[9, 10];35.71;5001;0;8508 ; [16, 16, 16, 16, 16, 16, 16, 16, 16, 16, 16, 16, 14, 16, 14, 17, 16, 17]
0;seemp 31C.odem;31;[0.0,-2.0,];[5, 1];25.93;5000;19;36743 ; [29, 29, 29, 29, 29, 29, 29, 29, 29, 29, 28, 29, 28, 26, 29, 30, 27, 28, 29, 29, 28, 29, 28, 29, 28, 29, 26, 27, 28, 29, 30]
1;jnanoxml 25C.odem;25;[2.5,-2.5,];[10, 0];95.83;5005;0;20812 ; [23, 23, 23, 23, 23, 23, 23, 23, 23, 23, 23, 23, 23, 23, 23, 23, 23, 23, 23, 23, 23, 23, 23, 23, 24]
4;jstl-1.0.6 18C.odem;18;[1.0,1.0,];[7, 7];35.71;5002;17;8701 ; [16, 16, 16, 16, 16, 16, 16, 16, 16, 16, 16, 16, 16, 16, 16, 16, 16, 17]
0;apache_zip 36C.odem;36;[-1.5,2.5,];[2, 10];79.41;5003;12;54368 ; [34, 34, 34, 34, 34, 34, 34, 34, 34, 34, 34, 34, 34, 34, 34, 34, 34, 34, 34, 34, 34, 34, 34, 34, 34, 34, 34, 34, 34, 34, 34, 34, 34, 34, 34, 35]
5;jstl-1.0.6 18C.odem;18;[1.5,1.5,];[8, 8];35.71;5000;0;9076 ; [16, 16, 16, 16, 16, 16, 16, 16, 16, 16, 16, 16, 16, 16, 16, 16, 16, 17]
6;jstl-1.0.6 18C.odem;18;[-0.5,-2.5,];[4, 0];35.71;5001;0;8749 ; [16, 16, 16, 16, 16, 16, 16, 16, 16, 16, 16, 16, 14, 16, 14, 17, 16, 17]
2;jnanoxml 25C.odem;25;[-0.5,0.5,];[4, 6];95.83;5004;0;21621 ; [23, 21, 21, 21, 21, 23, 23, 23, 24, 21, 24, 24, 21, 23, 21, 22, 23, 24, 24, 24, 21, 21, 22, 23, 24]
7;jstl-1.0.6 18C.odem;18;[2.0,2.0,];[9, 9];35.71;5002;13;9199 ; [16, 16, 16, 16, 16, 16, 16, 16, 16, 16, 16, 16, 14, 16, 14, 17, 16, 17]
1;seemp 31C.odem;31;[-1.0,1.5,];[3, 8];25.93;5005;0;37937 ; [29, 29, 29, 29, 29, 29, 29, 29, 29, 29, 29, 29, 29, 29, 29, 29, 29, 29, 29, 29, 29, 29, 29, 29, 29, 29, 29, 29, 29, 29, 30]
8;jstl-1.0.6 18C.odem;18;[-0.5,-2.0,];[4, 1];35.71;5005;18;8603 ; [16, 16, 16, 16, 16, 16, 16, 16, 16, 16, 16, 16, 14, 16, 14, 17, 16, 17]
3;jnanoxml 25C.odem;25;[0.5,-2.5,];[6, 0];95.83;5002;0;20789 ; [23, 23, 23, 23, 23, 23, 23, 23, 23, 23, 23, 23, 23, 23, 23, 23, 23, 23, 23, 23, 23, 23, 23, 23, 24]
9;jstl-1.0.6 18C.odem;18;[-2.0,-2.0,];[1, 1];35.71;5002;13;8334 ; [16, 16, 16, 16, 16, 16, 16, 16, 16, 16, 16, 16, 16, 16, 16, 16, 16, 17]
0;notepad-model 46C.odem;46;[-1.0,-2.0,];[3, 1];60.0;5005;0;98188 ; [44, 44, 44, 44, 44, 44, 44, 44, 44, 44, 44, 44, 44, 44, 44, 44, 44, 44, 44, 44, 44, 44, 44, 44, 44, 44, 44, 44, 44, 44, 44, 44, 44, 44, 44, 44, 44, 44, 44, 44, 44, 44, 44, 44, 44, 45]
4;jnanoxml 25C.odem;25;[0.0,2.0,];[5, 9];95.83;5005;12;20239 ; [23, 23, 23, 23, 23, 23, 23, 23, 23, 23, 23, 23, 23, 23, 23, 23, 23, 23, 23, 23, 23, 23, 23, 23, 24]
1;apache_zip 36C.odem;36;[-1.0,0.5,];[3, 6];79.41;5003;18;54598 ; [34, 34, 34, 34, 34, 34, 34, 34, 34, 34, 34, 34, 34, 34, 34, 34, 34, 34, 34, 34, 34, 34, 34, 34, 34, 34, 34, 34, 34, 34, 34, 34, 34, 34, 34, 35]
2;seemp 31C.odem;31;[0.0,1.0,];[5, 7];25.93;5000;0;34648 ; [29, 29, 29, 29, 29, 29, 29, 29, 29, 29, 28, 29, 28, 26, 29, 30, 27, 28, 29, 29, 28, 29, 28, 29, 28, 29, 26, 27, 28, 29, 30]
5;jnanoxml 25C.odem;25;[-1.5,0.0,];[2, 5];95.83;5003;12;20040 ; [23, 23, 23, 23, 23, 23, 23, 23, 23, 23, 23, 23, 23, 23, 23, 23, 23, 23, 23, 23, 23, 23, 23, 23, 24]
6;jnanoxml 25C.odem;25;[1.5,-0.5,];[8, 4];95.83;5001;13;20265 ; [23, 21, 21, 21, 21, 23, 23, 23, 24, 21, 24, 24, 21, 23, 21, 22, 23, 24, 24, 24, 21, 21, 22, 23, 24]
3;seemp 31C.odem;31;[-2.5,2.5,];[0, 10];25.93;5004;9;35073 ; [29, 29, 29, 29, 29, 29, 29, 29, 29, 29, 29, 29, 29, 29, 29, 29, 29, 29, 29, 29, 29, 29, 29, 29, 29, 29, 29, 29, 29, 29, 30]
2;apache_zip 36C.odem;36;[1.5,-1.0,];[8, 3];79.41;5003;0;52574 ; [24, 24, 24, 27, 27, 24, 25, 31, 27, 29, 29, 23, 34, 23, 23, 23, 24, 27, 31, 35, 29, 23, 23, 23, 24, 25, 30, 27, 31, 29, 30, 31, 33, 33, 34, 35]
7;jnanoxml 25C.odem;25;[2.0,-1.5,];[9, 2];95.83;5005;0;19383 ; [23, 23, 23, 23, 23, 23, 23, 23, 23, 23, 23, 23, 23, 23, 23, 23, 23, 23, 23, 23, 23, 23, 23, 23, 24]
4;seemp 31C.odem;31;[0.5,-2.5,];[6, 0];25.93;5002;16;33746 ; [29, 29, 29, 29, 29, 29, 29, 29, 29, 29, 29, 29, 29, 29, 29, 29, 29, 29, 29, 29, 29, 29, 29, 29, 29, 29, 29, 29, 29, 29, 30]
8;jnanoxml 25C.odem;25;[1.0,-1.5,];[7, 2];95.83;5003;0;19533 ; [23, 23, 23, 23, 23, 23, 23, 23, 23, 23, 23, 23, 23, 23, 23, 23, 23, 23, 23, 23, 23, 23, 23, 23, 24]
0;udt-java 56C.odem;56;[-2.5,-2.0,];[0, 1];32.0;5000;0;188942 ; [38, 55, 38, 38, 47, 44, 46, 44, 38, 46, 53, 47, 53, 38, 45, 39, 45, 55, 38, 39, 39, 51, 39, 44, 46, 47, 53, 51, 54, 38, 54, 54, 38, 45, 54, 55, 38, 38, 38, 39, 52, 42, 42, 48, 44, 45, 46, 47, 48, 50, 50, 51, 52, 53, 54, 55]
1;notepad-model 46C.odem;46;[1.0,-1.0,];[7, 3];60.0;5002;0;92412 ; [44, 44, 44, 44, 44, 44, 44, 44, 44, 44, 44, 44, 44, 44, 44, 44, 44, 44, 44, 44, 44, 44, 44, 44, 44, 44, 44, 44, 44, 44, 44, 44, 44, 44, 44, 44, 44, 44, 44, 44, 44, 44, 44, 44, 44, 45]
9;jnanoxml 25C.odem;25;[-2.0,1.5,];[1, 8];95.83;5004;0;19947 ; [23, 21, 21, 21, 21, 23, 23, 23, 24, 21, 24, 24, 21, 23, 21, 22, 23, 24, 24, 24, 21, 21, 22, 23, 24]
0;javaocr 59C.odem;59;[1.0,0.5,];[7, 6];25.49;5004;31;209285 ; [55, 55, 55, 55, 55, 55, 55, 55, 55, 55, 55, 55, 55, 55, 57, 55, 57, 55, 57, 55, 57, 55, 57, 55, 57, 57, 55, 46, 55, 57, 46, 56, 46, 55, 56, 57, 46, 46, 47, 51, 52, 53, 46, 46, 58, 46, 46, 47, 49, 49, 54, 51, 52, 53, 54, 55, 56, 57, 58]
3;apache_zip 36C.odem;36;[-1.5,2.0,];[2, 9];79.41;5001;18;51757 ; [34, 34, 34, 34, 34, 34, 34, 34, 34, 34, 34, 34, 34, 34, 34, 34, 34, 34, 34, 34, 34, 34, 34, 34, 34, 34, 34, 34, 34, 34, 34, 34, 34, 34, 34, 35]
5;seemp 31C.odem;31;[-2.0,2.5,];[1, 10];25.93;5004;0;33682 ; [29, 29, 29, 29, 29, 29, 29, 29, 29, 29, 29, 29, 29, 29, 29, 29, 29, 29, 29, 29, 29, 29, 29, 29, 29, 29, 29, 29, 29, 29, 30]
6;seemp 31C.odem;31;[1.0,-0.5,];[7, 4];25.93;5005;19;31628 ; [29, 29, 29, 29, 29, 29, 29, 29, 29, 29, 29, 29, 29, 29, 29, 29, 29, 29, 29, 29, 29, 29, 29, 29, 29, 29, 29, 29, 29, 29, 30]
0;servletapi-2.3 63C.odem;63;[1.5,1.5,];[8, 8];50.85;5004;0;245108 ; [62, 62, 62, 62, 62, 62, 62, 62, 62, 62, 62, 62, 62, 62, 62, 62, 62, 62, 62, 62, 62, 62, 59, 59, 59, 62, 59, 59, 62, 62, 62, 62, 59, 62, 62, 59, 62, 59, 59, 59, 62, 59, 59, 59, 62, 59, 59, 62, 58, 62, 62, 59, 62, 59, 60, 60, 62, 61, 58, 59, 60, 61, 62]
4;apache_zip 36C.odem;36;[0.0,0.0,];[5, 5];79.41;5005;12;48119 ; [34, 34, 34, 34, 34, 34, 34, 34, 34, 34, 34, 34, 34, 34, 34, 34, 34, 34, 34, 34, 34, 34, 34, 34, 34, 34, 34, 34, 34, 34, 34, 34, 34, 34, 34, 35]
7;seemp 31C.odem;31;[0.5,-1.5,];[6, 2];25.93;5002;0;28836 ; [29, 29, 29, 29, 29, 29, 29, 29, 29, 29, 29, 29, 29, 29, 29, 29, 29, 29, 29, 29, 29, 29, 29, 29, 29, 29, 29, 29, 29, 29, 30]
2;notepad-model 46C.odem;46;[-2.0,-1.0,];[1, 3];60.0;5002;0;83336 ; [44, 44, 44, 44, 44, 44, 44, 44, 44, 44, 44, 44, 44, 44, 44, 44, 44, 44, 44, 44, 44, 44, 44, 44, 44, 44, 44, 44, 44, 44, 44, 44, 44, 44, 44, 44, 44, 44, 44, 44, 44, 44, 44, 44, 44, 45]
5;apache_zip 36C.odem;36;[-2.0,2.5,];[1, 10];79.41;5001;18;45051 ; [24, 24, 24, 27, 27, 24, 25, 31, 27, 29, 29, 23, 34, 23, 23, 23, 24, 27, 31, 35, 29, 23, 23, 23, 24, 25, 30, 27, 31, 29, 30, 31, 33, 33, 34, 35]
0;forms-1.3.0 68C.odem;68;[-2.0,1.0,];[1, 7];42.86;5002;12;306642 ; [66, 66, 66, 66, 66, 66, 66, 66, 66, 66, 66, 66, 66, 66, 66, 66, 66, 66, 66, 66, 66, 66, 66, 66, 66, 66, 66, 66, 66, 66, 66, 66, 66, 66, 66, 66, 66, 66, 66, 66, 66, 66, 66, 66, 66, 66, 66, 66, 66, 66, 66, 66, 66, 66, 66, 66, 66, 66, 66, 66, 66, 66, 66, 66, 66, 66, 66, 67]
8;seemp 31C.odem;31;[-1.0,2.5,];[3, 10];25.93;5000;12;31593 ; [29, 29, 29, 29, 29, 29, 29, 29, 29, 29, 28, 29, 28, 26, 29, 30, 27, 28, 29, 29, 28, 29, 28, 29, 28, 29, 26, 27, 28, 29, 30]
9;seemp 31C.odem;31;[-0.5,0.0,];[4, 5];25.93;5005;0;30832 ; [29, 29, 29, 29, 29, 29, 29, 29, 29, 29, 28, 29, 28, 26, 29, 30, 27, 28, 29, 29, 28, 29, 28, 29, 28, 29, 26, 27, 28, 29, 30]
6;apache_zip 36C.odem;36;[-1.0,2.0,];[3, 9];79.41;5004;0;45785 ; [34, 34, 34, 34, 34, 34, 34, 34, 34, 34, 34, 34, 34, 34, 34, 34, 34, 34, 34, 34, 34, 34, 34, 34, 34, 34, 34, 34, 34, 34, 34, 34, 34, 34, 34, 35]
3;notepad-model 46C.odem;46;[1.5,-2.0,];[8, 1];60.0;5000;0;82186 ; [44, 44, 44, 44, 44, 44, 44, 44, 44, 44, 44, 44, 44, 44, 44, 44, 44, 44, 44, 44, 44, 44, 44, 44, 44, 44, 44, 44, 44, 44, 44, 44, 44, 44, 44, 44, 44, 44, 44, 44, 44, 44, 44, 44, 44, 45]
1;udt-java 56C.odem;56;[1.0,0.5,];[7, 6];32.0;5005;12;186885 ; [38, 55, 38, 38, 47, 44, 46, 44, 38, 46, 53, 47, 53, 38, 45, 39, 45, 55, 38, 39, 39, 51, 39, 44, 46, 47, 53, 51, 54, 38, 54, 54, 38, 45, 54, 55, 38, 38, 38, 39, 52, 42, 42, 48, 44, 45, 46, 47, 48, 50, 50, 51, 52, 53, 54, 55]
7;apache_zip 36C.odem;36;[2.0,-0.5,];[9, 4];79.41;5001;18;44656 ; [24, 24, 24, 27, 27, 24, 25, 31, 27, 29, 29, 23, 34, 23, 23, 23, 24, 27, 31, 35, 29, 23, 23, 23, 24, 25, 30, 27, 31, 29, 30, 31, 33, 33, 34, 35]
0;jscatterplot 74C.odem;74;[-0.5,2.0,];[4, 9];98.63;5000;0;406908 ; [72, 72, 72, 72, 72, 72, 72, 72, 72, 72, 72, 72, 72, 72, 72, 72, 72, 72, 72, 72, 72, 72, 72, 72, 72, 72, 72, 72, 72, 72, 72, 72, 72, 72, 72, 72, 72, 72, 72, 72, 72, 72, 72, 72, 72, 72, 72, 72, 72, 72, 72, 72, 72, 72, 72, 72, 72, 72, 72, 72, 72, 72, 72, 72, 72, 72, 72, 72, 72, 72, 72, 72, 72, 73]
1;javaocr 59C.odem;59;[-0.5,-1.0,];[4, 3];25.49;5005;12;210628 ; [55, 55, 55, 55, 55, 55, 55, 55, 55, 55, 55, 55, 55, 55, 57, 55, 57, 55, 57, 55, 57, 55, 57, 55, 57, 57, 55, 46, 55, 57, 46, 56, 46, 55, 56, 57, 46, 46, 47, 51, 52, 53, 46, 46, 58, 46, 46, 47, 49, 49, 54, 51, 52, 53, 54, 55, 56, 57, 58]
4;notepad-model 46C.odem;46;[2.0,0.5,];[9, 6];60.0;5000;0;79472 ; [44, 44, 44, 44, 44, 44, 44, 44, 44, 44, 44, 44, 44, 44, 44, 44, 44, 44, 44, 44, 44, 44, 44, 44, 44, 44, 44, 44, 44, 44, 44, 44, 44, 44, 44, 44, 44, 44, 44, 44, 44, 44, 44, 44, 44, 45]
8;apache_zip 36C.odem;36;[-0.5,0.0,];[4, 5];79.41;5001;0;44565 ; [24, 24, 24, 27, 27, 24, 25, 31, 27, 29, 29, 23, 34, 23, 23, 23, 24, 27, 31, 35, 29, 23, 23, 23, 24, 25, 30, 27, 31, 29, 30, 31, 33, 33, 34, 35]
1;servletapi-2.3 63C.odem;63;[-1.0,-1.5,];[3, 2];50.85;5005;0;203848 ; [62, 62, 62, 62, 62, 62, 62, 62, 62, 62, 62, 62, 62, 62, 62, 62, 62, 62, 62, 62, 62, 62, 59, 59, 59, 62, 59, 59, 62, 62, 62, 62, 59, 62, 62, 59, 62, 59, 59, 59, 62, 59, 59, 59, 62, 59, 59, 62, 58, 62, 62, 59, 62, 59, 60, 60, 62, 61, 58, 59, 60, 61, 62]
9;apache_zip 36C.odem;36;[1.0,-2.0,];[7, 1];79.41;5004;17;28922 ; [34, 34, 34, 34, 34, 34, 34, 34, 34, 34, 34, 34, 34, 34, 34, 34, 34, 34, 34, 34, 34, 34, 34, 34, 34, 34, 34, 34, 34, 34, 34, 34, 34, 34, 34, 35]
5;notepad-model 46C.odem;46;[2.5,2.0,];[10, 9];60.0;5002;0;49921 ; [44, 44, 44, 44, 44, 44, 44, 44, 44, 44, 44, 44, 44, 44, 44, 44, 44, 44, 44, 44, 44, 44, 44, 44, 44, 44, 44, 44, 44, 44, 44, 44, 44, 44, 44, 44, 44, 44, 44, 44, 44, 44, 44, 44, 44, 45]
0;jfluid-1.7.0 82C.odem;82;[1.5,-0.5,];[8, 4];50.0;5002;12;517095 ; [80, 80, 80, 80, 80, 80, 80, 80, 80, 80, 80, 80, 80, 80, 80, 80, 80, 80, 80, 80, 80, 80, 80, 80, 80, 80, 80, 80, 80, 80, 80, 80, 80, 80, 80, 80, 80, 80, 80, 80, 80, 80, 80, 80, 80, 80, 80, 80, 80, 80, 80, 80, 80, 80, 80, 80, 80, 80, 80, 80, 80, 80, 80, 80, 80, 80, 80, 80, 80, 80, 80, 80, 80, 80, 80, 80, 80, 80, 80, 80, 80, 81]
1;forms-1.3.0 68C.odem;68;[-2.0,1.0,];[1, 7];42.86;5003;13;216910 ; [47, 67, 66, 56, 50, 57, 66, 66, 66, 57, 57, 66, 66, 56, 56, 57, 56, 67, 66, 66, 57, 50, 50, 56, 62, 58, 57, 47, 57, 66, 67, 67, 50, 50, 56, 57, 45, 57, 57, 57, 57, 57, 47, 66, 67, 45, 48, 47, 48, 51, 50, 51, 54, 55, 54, 55, 56, 57, 58, 65, 61, 61, 62, 64, 64, 65, 66, 67]
2;udt-java 56C.odem;56;[-1.0,-2.5,];[3, 0];32.0;5001;27;146507 ; [54, 54, 54, 54, 54, 54, 54, 54, 54, 54, 54, 54, 54, 54, 54, 54, 54, 54, 54, 54, 54, 54, 54, 54, 54, 54, 54, 54, 54, 54, 54, 54, 54, 54, 54, 54, 54, 54, 54, 54, 54, 54, 54, 54, 54, 54, 54, 54, 54, 54, 54, 54, 54, 54, 54, 55]
6;notepad-model 46C.odem;46;[0.0,-2.5,];[5, 0];60.0;5000;0;47050 ; [44, 44, 44, 44, 44, 44, 44, 44, 44, 44, 44, 44, 44, 44, 44, 44, 44, 44, 44, 44, 44, 44, 44, 44, 44, 44, 44, 44, 44, 44, 44, 44, 44, 44, 44, 44, 44, 44, 44, 44, 44, 44, 44, 44, 44, 45]
2;javaocr 59C.odem;59;[-1.0,-0.5,];[3, 4];25.49;5003;0;152087 ; [55, 55, 55, 55, 55, 55, 55, 55, 55, 55, 55, 55, 55, 55, 57, 55, 57, 55, 57, 55, 57, 55, 57, 55, 57, 57, 55, 46, 55, 57, 46, 56, 46, 55, 56, 57, 46, 46, 47, 51, 52, 53, 46, 46, 58, 46, 46, 47, 49, 49, 54, 51, 52, 53, 54, 55, 56, 57, 58]
2;servletapi-2.3 63C.odem;63;[2.0,2.5,];[9, 10];50.85;5004;11;124856 ; [61, 61, 61, 61, 61, 61, 61, 61, 61, 61, 61, 61, 61, 61, 61, 61, 61, 61, 61, 61, 61, 61, 61, 61, 61, 61, 61, 61, 61, 61, 61, 61, 61, 61, 61, 61, 61, 61, 61, 61, 61, 61, 61, 61, 61, 61, 61, 61, 61, 61, 61, 61, 61, 61, 61, 61, 61, 61, 61, 61, 61, 61, 62]
7;notepad-model 46C.odem;46;[1.0,2.5,];[7, 10];60.0;5001;0;47087 ; [44, 44, 44, 44, 44, 44, 44, 44, 44, 44, 44, 44, 44, 44, 44, 44, 44, 44, 44, 44, 44, 44, 44, 44, 44, 44, 44, 44, 44, 44, 44, 44, 44, 44, 44, 44, 44, 44, 44, 44, 44, 44, 44, 44, 44, 45]
8;notepad-model 46C.odem;46;[-2.0,-0.5,];[1, 4];60.0;5004;0;53832 ; [44, 44, 44, 44, 44, 44, 44, 44, 44, 44, 44, 44, 44, 44, 44, 44, 44, 44, 44, 44, 44, 44, 44, 44, 44, 44, 44, 44, 44, 44, 44, 44, 44, 44, 44, 44, 44, 44, 44, 44, 44, 44, 44, 44, 44, 45]
3;udt-java 56C.odem;56;[2.0,1.5,];[9, 8];32.0;5005;13;147557 ; [38, 55, 38, 38, 47, 44, 46, 44, 38, 46, 53, 47, 53, 38, 45, 39, 45, 55, 38, 39, 39, 51, 39, 44, 46, 47, 53, 51, 54, 38, 54, 54, 38, 45, 54, 55, 38, 38, 38, 39, 52, 42, 42, 48, 44, 45, 46, 47, 48, 50, 50, 51, 52, 53, 54, 55]
9;notepad-model 46C.odem;46;[2.5,-0.5,];[10, 4];60.0;5005;0;67167 ; [44, 44, 44, 44, 44, 44, 44, 44, 44, 44, 44, 44, 44, 44, 44, 44, 44, 44, 44, 44, 44, 44, 44, 44, 44, 44, 44, 44, 44, 44, 44, 44, 44, 44, 44, 44, 44, 44, 44, 44, 44, 44, 44, 44, 44, 45]
2;forms-1.3.0 68C.odem;68;[0.0,1.0,];[5, 7];42.86;5004;23;185809 ; [66, 66, 66, 66, 66, 66, 66, 66, 66, 66, 66, 66, 66, 66, 66, 66, 66, 66, 66, 66, 66, 66, 66, 66, 66, 66, 66, 66, 66, 66, 66, 66, 66, 66, 66, 66, 66, 66, 66, 66, 66, 66, 66, 66, 66, 66, 66, 66, 66, 66, 66, 66, 66, 66, 66, 66, 66, 66, 66, 66, 66, 66, 66, 66, 66, 66, 66, 67]
0;junit-3.8.1 100C.odem;100;[-2.0,-1.5,];[1, 2];51.06;5002;13;705842 ; [90, 90, 90, 90, 90, 92, 89, 90, 90, 90, 90, 90, 90, 90, 90, 92, 88, 88, 90, 89, 89, 89, 89, 90, 90, 92, 88, 89, 87, 89, 90, 92, 87, 88, 89, 90, 88, 90, 88, 89, 92, 87, 87, 87, 88, 88, 88, 89, 89, 91, 90, 91, 87, 98, 92, 98, 99, 87, 99, 87, 87, 87, 87, 87, 88, 89, 90, 91, 92, 98, 99, 87, 87, 87, 88, 89, 87, 90, 91, 92, 98, 99, 87, 87, 87, 93, 87, 87, 88, 89, 90, 91, 92, 93, 96, 97, 96, 97, 98, 99]
1;jscatterplot 74C.odem;74;[-1.5,1.5,];[2, 8];98.63;5004;13;314387 ; [72, 72, 72, 72, 72, 72, 72, 72, 72, 72, 72, 72, 72, 72, 72, 72, 72, 72, 72, 72, 72, 72, 72, 72, 72, 72, 72, 72, 72, 72, 72, 72, 72, 72, 72, 72, 72, 72, 72, 72, 72, 72, 72, 72, 72, 72, 72, 72, 72, 72, 72, 72, 72, 72, 72, 72, 72, 72, 72, 72, 72, 72, 72, 72, 72, 72, 72, 72, 72, 72, 72, 72, 72, 73]
3;servletapi-2.3 63C.odem;63;[2.0,2.0,];[9, 9];50.85;5000;0;154513 ; [61, 61, 61, 61, 61, 61, 61, 61, 61, 61, 61, 61, 61, 61, 61, 61, 61, 61, 61, 61, 61, 61, 61, 61, 61, 61, 61, 61, 61, 61, 61, 61, 61, 61, 61, 61, 61, 61, 61, 61, 61, 61, 61, 61, 61, 61, 61, 61, 61, 61, 61, 61, 61, 61, 61, 61, 61, 61, 61, 61, 61, 61, 62]
3;javaocr 59C.odem;59;[0.5,0.5,];[6, 6];25.49;5002;18;177304 ; [55, 55, 55, 55, 55, 55, 55, 55, 55, 55, 55, 55, 55, 55, 57, 55, 57, 55, 57, 55, 57, 55, 57, 55, 57, 57, 55, 46, 55, 57, 46, 56, 46, 55, 56, 57, 46, 46, 47, 51, 52, 53, 46, 46, 58, 46, 46, 47, 49, 49, 54, 51, 52, 53, 54, 55, 56, 57, 58]
4;udt-java 56C.odem;56;[1.0,2.0,];[7, 9];32.0;5005;19;175397 ; [38, 55, 38, 38, 47, 44, 46, 44, 38, 46, 53, 47, 53, 38, 45, 39, 45, 55, 38, 39, 39, 51, 39, 44, 46, 47, 53, 51, 54, 38, 54, 54, 38, 45, 54, 55, 38, 38, 38, 39, 52, 42, 42, 48, 44, 45, 46, 47, 48, 50, 50, 51, 52, 53, 54, 55]
4;servletapi-2.3 63C.odem;63;[-1.0,-1.5,];[3, 2];50.85;5002;0;168091 ; [62, 62, 62, 62, 62, 62, 62, 62, 62, 62, 62, 62, 62, 62, 62, 62, 62, 62, 62, 62, 62, 62, 59, 59, 59, 62, 59, 59, 62, 62, 62, 62, 59, 62, 62, 59, 62, 59, 59, 59, 62, 59, 59, 59, 62, 59, 59, 62, 58, 62, 62, 59, 62, 59, 60, 60, 62, 61, 58, 59, 60, 61, 62]
3;forms-1.3.0 68C.odem;68;[0.0,-1.5,];[5, 2];42.86;5001;0;213137 ; [66, 66, 66, 66, 66, 66, 66, 66, 66, 66, 66, 66, 66, 66, 66, 66, 66, 66, 66, 66, 66, 66, 66, 66, 66, 66, 66, 66, 66, 66, 66, 66, 66, 66, 66, 66, 66, 66, 66, 66, 66, 66, 66, 66, 66, 66, 66, 66, 66, 66, 66, 66, 66, 66, 66, 66, 66, 66, 66, 66, 66, 66, 66, 66, 66, 66, 66, 67]
4;javaocr 59C.odem;59;[-2.5,-1.0,];[0, 3];25.49;5002;0;209805 ; [55, 55, 55, 55, 55, 55, 55, 55, 55, 55, 55, 55, 55, 55, 57, 55, 57, 55, 57, 55, 57, 55, 57, 55, 57, 57, 55, 46, 55, 57, 46, 56, 46, 55, 56, 57, 46, 46, 47, 51, 52, 53, 46, 46, 58, 46, 46, 47, 49, 49, 54, 51, 52, 53, 54, 55, 56, 57, 58]
1;jfluid-1.7.0 82C.odem;82;[1.0,-0.5,];[7, 4];50.0;5005;0;495021 ; [80, 80, 80, 80, 80, 80, 80, 80, 80, 80, 80, 80, 80, 80, 80, 80, 80, 80, 80, 80, 80, 80, 80, 80, 80, 80, 80, 80, 80, 80, 80, 80, 80, 80, 80, 80, 80, 80, 80, 80, 80, 80, 80, 80, 80, 80, 80, 80, 80, 80, 80, 80, 80, 80, 80, 80, 80, 80, 80, 80, 80, 80, 80, 80, 80, 80, 80, 80, 80, 80, 80, 80, 80, 80, 80, 80, 80, 80, 80, 80, 80, 81]
5;udt-java 56C.odem;56;[2.0,2.5,];[9, 10];32.0;5005;0;190525 ; [54, 54, 54, 54, 54, 54, 54, 54, 54, 54, 54, 54, 54, 54, 54, 54, 54, 54, 54, 54, 54, 54, 54, 54, 54, 54, 54, 54, 54, 54, 54, 54, 54, 54, 54, 54, 54, 54, 54, 54, 54, 54, 54, 54, 54, 54, 54, 54, 54, 54, 54, 54, 54, 54, 54, 55]
5;servletapi-2.3 63C.odem;63;[0.5,2.0,];[6, 9];50.85;5004;0;170347 ; [61, 61, 61, 61, 61, 61, 61, 61, 61, 61, 61, 61, 61, 61, 61, 61, 61, 61, 61, 61, 61, 61, 61, 61, 61, 61, 61, 61, 61, 61, 61, 61, 61, 61, 61, 61, 61, 61, 61, 61, 61, 61, 61, 61, 61, 61, 61, 61, 61, 61, 61, 61, 61, 61, 61, 61, 61, 61, 61, 61, 61, 61, 62]
2;jscatterplot 74C.odem;74;[1.0,-1.5,];[7, 2];98.63;5002;13;406503 ; [50, 50, 50, 50, 53, 60, 50, 53, 60, 60, 60, 50, 60, 50, 50, 60, 50, 50, 50, 60, 55, 53, 60, 57, 62, 60, 62, 54, 50, 50, 50, 53, 54, 57, 60, 60, 69, 60, 62, 69, 72, 72, 73, 73, 50, 50, 51, 52, 50, 50, 50, 51, 52, 53, 54, 55, 64, 57, 59, 59, 60, 63, 62, 63, 64, 71, 68, 70, 68, 69, 70, 71, 72, 73]
4;forms-1.3.0 68C.odem;68;[2.0,-2.0,];[9, 1];42.86;5001;0;219542 ; [66, 66, 66, 66, 66, 66, 66, 66, 66, 66, 66, 66, 66, 66, 66, 66, 66, 66, 66, 66, 66, 66, 66, 66, 66, 66, 66, 66, 66, 66, 66, 66, 66, 66, 66, 66, 66, 66, 66, 66, 66, 66, 66, 66, 66, 66, 66, 66, 66, 66, 66, 66, 66, 66, 66, 66, 66, 66, 66, 66, 66, 66, 66, 66, 66, 66, 66, 67]
5;javaocr 59C.odem;59;[0.5,0.5,];[6, 6];25.49;5000;18;215062 ; [57, 57, 57, 57, 57, 57, 57, 57, 57, 57, 57, 57, 57, 57, 57, 57, 57, 57, 57, 57, 57, 57, 57, 57, 57, 57, 57, 57, 57, 57, 57, 57, 57, 57, 57, 57, 57, 57, 57, 57, 57, 57, 57, 57, 57, 57, 57, 57, 57, 57, 57, 57, 57, 57, 57, 57, 57, 57, 58]
6;udt-java 56C.odem;56;[1.5,0.5,];[8, 6];32.0;5000;0;191160 ; [38, 55, 38, 38, 47, 44, 46, 44, 38, 46, 53, 47, 53, 38, 45, 39, 45, 55, 38, 39, 39, 51, 39, 44, 46, 47, 53, 51, 54, 38, 54, 54, 38, 45, 54, 55, 38, 38, 38, 39, 52, 42, 42, 48, 44, 45, 46, 47, 48, 50, 50, 51, 52, 53, 54, 55]
6;servletapi-2.3 63C.odem;63;[0.5,0.5,];[6, 6];50.85;5003;13;167866 ; [62, 62, 62, 62, 62, 62, 62, 62, 62, 62, 62, 62, 62, 62, 62, 62, 62, 62, 62, 62, 62, 62, 59, 59, 59, 62, 59, 59, 62, 62, 62, 62, 59, 62, 62, 59, 62, 59, 59, 59, 62, 59, 59, 59, 62, 59, 59, 62, 58, 62, 62, 59, 62, 59, 60, 60, 62, 61, 58, 59, 60, 61, 62]
1;junit-3.8.1 100C.odem;100;[0.5,0.5,];[6, 6];51.06;5004;19;648257 ; [98, 98, 98, 98, 98, 98, 98, 98, 98, 98, 98, 98, 98, 98, 98, 98, 98, 98, 98, 98, 98, 98, 98, 98, 98, 98, 98, 98, 98, 98, 98, 98, 98, 98, 98, 98, 98, 98, 98, 98, 98, 98, 98, 98, 98, 98, 98, 98, 98, 98, 98, 98, 98, 98, 98, 98, 98, 98, 98, 98, 98, 98, 98, 98, 98, 98, 98, 98, 98, 98, 98, 98, 98, 98, 98, 98, 98, 98, 98, 98, 98, 98, 98, 98, 98, 98, 98, 98, 98, 98, 98, 98, 98, 98, 98, 98, 98, 98, 98, 99]
5;forms-1.3.0 68C.odem;68;[-2.5,0.0,];[0, 5];42.86;5004;15;219805 ; [47, 67, 66, 56, 50, 57, 66, 66, 66, 57, 57, 66, 66, 56, 56, 57, 56, 67, 66, 66, 57, 50, 50, 56, 62, 58, 57, 47, 57, 66, 67, 67, 50, 50, 56, 57, 45, 57, 57, 57, 57, 57, 47, 66, 67, 45, 48, 47, 48, 51, 50, 51, 54, 55, 54, 55, 56, 57, 58, 65, 61, 61, 62, 64, 64, 65, 66, 67]
6;javaocr 59C.odem;59;[-1.5,-2.0,];[2, 1];25.49;5003;0;214800 ; [0, 3, 2, 3, 4, 5, 6, 7, 8, 9, 10, 11, 12, 13, 14, 15, 16, 17, 18, 19, 20, 21, 22, 23, 24, 25, 26, 27, 28, 29, 30, 31, 32, 33, 34, 35, 36, 37, 38, 39, 40, 41, 42, 43, 44, 45, 46, 47, 48, 49, 50, 51, 52, 53, 54, 55, 56, 57, 58]
7;servletapi-2.3 63C.odem;63;[1.5,0.5,];[8, 6];50.85;5000;19;177718 ; [61, 61, 61, 61, 61, 61, 61, 61, 61, 61, 61, 61, 61, 61, 61, 61, 61, 61, 61, 61, 61, 61, 61, 61, 61, 61, 61, 61, 61, 61, 61, 61, 61, 61, 61, 61, 61, 61, 61, 61, 61, 61, 61, 61, 61, 61, 61, 61, 61, 61, 61, 61, 61, 61, 61, 61, 61, 61, 61, 61, 61, 61, 62]
7;udt-java 56C.odem;56;[1.0,1.5,];[7, 8];32.0;5004;0;192812 ; [38, 55, 38, 38, 47, 44, 46, 44, 38, 46, 53, 47, 53, 38, 45, 39, 45, 55, 38, 39, 39, 51, 39, 44, 46, 47, 53, 51, 54, 38, 54, 54, 38, 45, 54, 55, 38, 38, 38, 39, 52, 42, 42, 48, 44, 45, 46, 47, 48, 50, 50, 51, 52, 53, 54, 55]
0;xmldom 119C.odem;119;[-2.0,-1.0,];[1, 3];47.27;5002;0;1498711 ; [118, 118, 118, 116, 118, 118, 118, 116, 118, 118, 118, 118, 118, 116, 116, 118, 118, 116, 118, 118, 116, 115, 116, 110, 115, 118, 112, 115, 115, 116, 116, 110, 118, 112, 115, 108, 116, 110, 118, 112, 117, 115, 115, 115, 116, 118, 115, 112, 115, 115, 115, 116, 118, 112, 115, 116, 118, 118, 112, 115, 116, 118, 112, 115, 115, 116, 118, 118, 112, 115, 116, 118, 112, 115, 116, 118, 112, 115, 116, 118, 112, 115, 116, 118, 112, 115, 116, 118, 112, 115, 116, 118, 112, 115, 116, 118, 112, 115, 116, 112, 118, 112, 112, 115, 116, 118, 118, 118, 108, 111, 110, 111, 112, 114, 114, 115, 116, 117, 118]
3;jscatterplot 74C.odem;74;[-2.0,0.5,];[1, 6];98.63;5002;18;413410 ; [72, 72, 72, 72, 72, 72, 72, 72, 72, 72, 72, 72, 72, 72, 72, 72, 72, 72, 72, 72, 72, 72, 72, 72, 72, 72, 72, 72, 72, 72, 72, 72, 72, 72, 72, 72, 72, 72, 72, 72, 72, 72, 72, 72, 72, 72, 72, 72, 72, 72, 72, 72, 72, 72, 72, 72, 72, 72, 72, 72, 72, 72, 72, 72, 72, 72, 72, 72, 72, 72, 72, 72, 72, 73]
2;jfluid-1.7.0 82C.odem;82;[-0.5,0.5,];[4, 6];50.0;5003;0;563004 ; [80, 80, 80, 80, 80, 80, 80, 80, 80, 80, 80, 80, 80, 80, 80, 80, 80, 80, 80, 80, 80, 80, 80, 80, 80, 80, 80, 80, 80, 80, 80, 80, 80, 80, 80, 80, 80, 80, 80, 80, 80, 80, 80, 80, 80, 80, 80, 80, 80, 80, 80, 80, 80, 80, 80, 80, 80, 80, 80, 80, 80, 80, 80, 80, 80, 80, 80, 80, 80, 80, 80, 80, 80, 80, 80, 80, 80, 80, 80, 80, 80, 81]
6;forms-1.3.0 68C.odem;68;[-2.5,1.0,];[0, 7];42.86;5002;0;222992 ; [66, 66, 66, 66, 66, 66, 66, 66, 66, 66, 66, 66, 66, 66, 66, 66, 66, 66, 66, 66, 66, 66, 66, 66, 66, 66, 66, 66, 66, 66, 66, 66, 66, 66, 66, 66, 66, 66, 66, 66, 66, 66, 66, 66, 66, 66, 66, 66, 66, 66, 66, 66, 66, 66, 66, 66, 66, 66, 66, 66, 66, 66, 66, 66, 66, 66, 66, 67]
8;servletapi-2.3 63C.odem;63;[2.5,1.0,];[10, 7];50.85;5003;30;171366 ; [62, 62, 62, 62, 62, 62, 62, 62, 62, 62, 62, 62, 62, 62, 62, 62, 62, 62, 62, 62, 62, 62, 59, 59, 59, 62, 59, 59, 62, 62, 62, 62, 59, 62, 62, 59, 62, 59, 59, 59, 62, 59, 59, 59, 62, 59, 59, 62, 58, 62, 62, 59, 62, 59, 60, 60, 62, 61, 58, 59, 60, 61, 62]
7;javaocr 59C.odem;59;[-0.5,-1.5,];[4, 2];25.49;5000;19;215456 ; [57, 57, 57, 57, 57, 57, 57, 57, 57, 57, 57, 57, 57, 57, 57, 57, 57, 57, 57, 57, 57, 57, 57, 57, 57, 57, 57, 57, 57, 57, 57, 57, 57, 57, 57, 57, 57, 57, 57, 57, 57, 57, 57, 57, 57, 57, 57, 57, 57, 57, 57, 57, 57, 57, 57, 57, 57, 57, 58]
8;udt-java 56C.odem;56;[-1.5,-0.5,];[2, 4];32.0;5005;24;191437 ; [54, 54, 54, 54, 54, 54, 54, 54, 54, 54, 54, 54, 54, 54, 54, 54, 54, 54, 54, 54, 54, 54, 54, 54, 54, 54, 54, 54, 54, 54, 54, 54, 54, 54, 54, 54, 54, 54, 54, 54, 54, 54, 54, 54, 54, 54, 54, 54, 54, 54, 54, 54, 54, 54, 54, 55]
9;servletapi-2.3 63C.odem;63;[-1.0,-1.5,];[3, 2];50.85;5004;13;165414 ; [61, 61, 61, 61, 61, 61, 61, 61, 61, 61, 61, 61, 61, 61, 61, 61, 61, 61, 61, 61, 61, 61, 61, 61, 61, 61, 61, 61, 61, 61, 61, 61, 61, 61, 61, 61, 61, 61, 61, 61, 61, 61, 61, 61, 61, 61, 61, 61, 61, 61, 61, 61, 61, 61, 61, 61, 61, 61, 61, 61, 61, 61, 62]
7;forms-1.3.0 68C.odem;68;[0.0,1.5,];[5, 8];42.86;5002;12;209218 ; [66, 66, 66, 66, 66, 66, 66, 66, 66, 66, 66, 66, 66, 66, 66, 66, 66, 66, 66, 66, 66, 66, 66, 66, 66, 66, 66, 66, 66, 66, 66, 66, 66, 66, 66, 66, 66, 66, 66, 66, 66, 66, 66, 66, 66, 66, 66, 66, 66, 66, 66, 66, 66, 66, 66, 66, 66, 66, 66, 66, 66, 66, 66, 66, 66, 66, 66, 67]
9;udt-java 56C.odem;56;[2.5,2.0,];[10, 9];32.0;5000;11;183736 ; [38, 55, 38, 38, 47, 44, 46, 44, 38, 46, 53, 47, 53, 38, 45, 39, 45, 55, 38, 39, 39, 51, 39, 44, 46, 47, 53, 51, 54, 38, 54, 54, 38, 45, 54, 55, 38, 38, 38, 39, 52, 42, 42, 48, 44, 45, 46, 47, 48, 50, 50, 51, 52, 53, 54, 55]
8;javaocr 59C.odem;59;[2.5,0.5,];[10, 6];25.49;5002;10;205763 ; [55, 55, 55, 55, 55, 55, 55, 55, 55, 55, 55, 55, 55, 55, 57, 55, 57, 55, 57, 55, 57, 55, 57, 55, 57, 57, 55, 46, 55, 57, 46, 56, 46, 55, 56, 57, 46, 46, 47, 51, 52, 53, 46, 46, 58, 46, 46, 47, 49, 49, 54, 51, 52, 53, 54, 55, 56, 57, 58]
4;jscatterplot 74C.odem;74;[-1.0,2.5,];[3, 10];98.63;5005;0;381649 ; [72, 72, 72, 72, 72, 72, 72, 72, 72, 72, 72, 72, 72, 72, 72, 72, 72, 72, 72, 72, 72, 72, 72, 72, 72, 72, 72, 72, 72, 72, 72, 72, 72, 72, 72, 72, 72, 72, 72, 72, 72, 72, 72, 72, 72, 72, 72, 72, 72, 72, 72, 72, 72, 72, 72, 72, 72, 72, 72, 72, 72, 72, 72, 72, 72, 72, 72, 72, 72, 72, 72, 72, 72, 73]
2;junit-3.8.1 100C.odem;100;[-2.5,-0.5,];[0, 4];51.06;5000;0;617669 ; [98, 98, 98, 98, 98, 98, 98, 98, 98, 98, 98, 98, 98, 98, 98, 98, 98, 98, 98, 98, 98, 98, 98, 98, 98, 98, 98, 98, 98, 98, 98, 98, 98, 98, 98, 98, 98, 98, 98, 98, 98, 98, 98, 98, 98, 98, 98, 98, 98, 98, 98, 98, 98, 98, 98, 98, 98, 98, 98, 98, 98, 98, 98, 98, 98, 98, 98, 98, 98, 98, 98, 98, 98, 98, 98, 98, 98, 98, 98, 98, 98, 98, 98, 98, 98, 98, 98, 98, 98, 98, 98, 98, 98, 98, 98, 98, 98, 98, 98, 99]
8;forms-1.3.0 68C.odem;68;[0.0,2.0,];[5, 9];42.86;5002;13;187863 ; [66, 66, 66, 66, 66, 66, 66, 66, 66, 66, 66, 66, 66, 66, 66, 66, 66, 66, 66, 66, 66, 66, 66, 66, 66, 66, 66, 66, 66, 66, 66, 66, 66, 66, 66, 66, 66, 66, 66, 66, 66, 66, 66, 66, 66, 66, 66, 66, 66, 66, 66, 66, 66, 66, 66, 66, 66, 66, 66, 66, 66, 66, 66, 66, 66, 66, 66, 67]
9;javaocr 59C.odem;59;[-1.0,-1.5,];[3, 2];25.49;5004;12;189109 ; [57, 57, 57, 57, 57, 57, 57, 57, 57, 57, 57, 57, 57, 57, 57, 57, 57, 57, 57, 57, 57, 57, 57, 57, 57, 57, 57, 57, 57, 57, 57, 57, 57, 57, 57, 57, 57, 57, 57, 57, 57, 57, 57, 57, 57, 57, 57, 57, 57, 57, 57, 57, 57, 57, 57, 57, 57, 57, 58]
3;jfluid-1.7.0 82C.odem;82;[0.0,2.5,];[5, 10];50.0;5005;15;513622 ; [71, 71, 71, 71, 69, 68, 68, 71, 73, 73, 76, 78, 72, 72, 78, 68, 80, 69, 68, 81, 80, 69, 69, 71, 73, 72, 75, 75, 77, 77, 81, 78, 80, 81, 81, 69, 71, 73, 76, 75, 76, 77, 78, 79, 79, 80, 69, 81, 68, 69, 69, 72, 75, 74, 71, 73, 75, 75, 76, 76, 77, 78, 79, 80, 81, 81, 81, 68, 68, 69, 72, 71, 72, 73, 74, 75, 76, 77, 78, 79, 80, 81]
9;forms-1.3.0 68C.odem;68;[0.0,-2.0,];[5, 1];42.86;5000;18;199953 ; [66, 66, 66, 66, 66, 66, 66, 66, 66, 66, 66, 66, 66, 66, 66, 66, 66, 66, 66, 66, 66, 66, 66, 66, 66, 66, 66, 66, 66, 66, 66, 66, 66, 66, 66, 66, 66, 66, 66, 66, 66, 66, 66, 66, 66, 66, 66, 66, 66, 66, 66, 66, 66, 66, 66, 66, 66, 66, 66, 66, 66, 66, 66, 66, 66, 66, 66, 67]
5;jscatterplot 74C.odem;74;[2.5,-1.0,];[10, 3];98.63;5002;0;368930 ; [50, 50, 50, 50, 53, 60, 50, 53, 60, 60, 60, 50, 60, 50, 50, 60, 50, 50, 50, 60, 55, 53, 60, 57, 62, 60, 62, 54, 50, 50, 50, 53, 54, 57, 60, 60, 69, 60, 62, 69, 72, 72, 73, 73, 50, 50, 51, 52, 50, 50, 50, 51, 52, 53, 54, 55, 64, 57, 59, 59, 60, 63, 62, 63, 64, 71, 68, 70, 68, 69, 70, 71, 72, 73]
0;javacc 154C.odem;154;[-1.0,-1.5,];[3, 2];64.19;5004;25;2342775 ; [152, 152, 152, 152, 152, 152, 152, 152, 152, 152, 152, 152, 152, 152, 152, 152, 152, 152, 152, 152, 152, 152, 152, 152, 152, 152, 152, 152, 152, 152, 152, 152, 152, 152, 152, 152, 152, 152, 152, 152, 152, 152, 152, 152, 152, 152, 152, 152, 152, 152, 152, 152, 152, 152, 152, 152, 152, 152, 152, 152, 152, 152, 152, 152, 152, 152, 152, 152, 152, 152, 152, 152, 152, 152, 152, 152, 152, 152, 152, 152, 152, 152, 152, 152, 152, 152, 152, 152, 152, 152, 152, 152, 152, 152, 152, 152, 152, 152, 152, 152, 152, 152, 152, 152, 152, 152, 152, 152, 152, 152, 152, 152, 152, 152, 152, 152, 152, 152, 152, 152, 152, 152, 152, 152, 152, 152, 152, 152, 152, 152, 152, 152, 152, 152, 152, 152, 152, 152, 152, 152, 152, 152, 152, 152, 152, 152, 152, 152, 152, 152, 152, 152, 152, 153]
3;junit-3.8.1 100C.odem;100;[0.5,0.5,];[6, 6];51.06;5004;12;541274 ; [98, 98, 98, 98, 98, 98, 98, 98, 98, 98, 98, 98, 98, 98, 98, 98, 98, 98, 98, 98, 98, 98, 98, 98, 98, 98, 98, 98, 98, 98, 98, 98, 98, 98, 98, 98, 98, 98, 98, 98, 98, 98, 98, 98, 98, 98, 98, 98, 98, 98, 98, 98, 98, 98, 98, 98, 98, 98, 98, 98, 98, 98, 98, 98, 98, 98, 98, 98, 98, 98, 98, 98, 98, 98, 98, 98, 98, 98, 98, 98, 98, 98, 98, 98, 98, 98, 98, 98, 98, 98, 98, 98, 98, 98, 98, 98, 98, 98, 98, 99]
4;jfluid-1.7.0 82C.odem;82;[-1.0,1.5,];[3, 8];50.0;5002;12;484713 ; [80, 80, 80, 80, 80, 80, 80, 80, 80, 80, 80, 80, 80, 80, 80, 80, 80, 80, 80, 80, 80, 80, 80, 80, 80, 80, 80, 80, 80, 80, 80, 80, 80, 80, 80, 80, 80, 80, 80, 80, 80, 80, 80, 80, 80, 80, 80, 80, 80, 80, 80, 80, 80, 80, 80, 80, 80, 80, 80, 80, 80, 80, 80, 80, 80, 80, 80, 80, 80, 80, 80, 80, 80, 80, 80, 80, 80, 80, 80, 80, 80, 81]
6;jscatterplot 74C.odem;74;[-1.5,1.0,];[2, 7];98.63;5001;13;343714 ; [72, 72, 72, 72, 72, 72, 72, 72, 72, 72, 72, 72, 72, 72, 72, 72, 72, 72, 72, 72, 72, 72, 72, 72, 72, 72, 72, 72, 72, 72, 72, 72, 72, 72, 72, 72, 72, 72, 72, 72, 72, 72, 72, 72, 72, 72, 72, 72, 72, 72, 72, 72, 72, 72, 72, 72, 72, 72, 72, 72, 72, 72, 72, 72, 72, 72, 72, 72, 72, 72, 72, 72, 72, 73]
1;xmldom 119C.odem;119;[2.0,2.0,];[9, 9];47.27;5003;36;1394336 ; [118, 118, 118, 116, 118, 118, 118, 116, 118, 118, 118, 118, 118, 116, 116, 118, 118, 116, 118, 118, 116, 115, 116, 110, 115, 118, 112, 115, 115, 116, 116, 110, 118, 112, 115, 108, 116, 110, 118, 112, 117, 115, 115, 115, 116, 118, 115, 112, 115, 115, 115, 116, 118, 112, 115, 116, 118, 118, 112, 115, 116, 118, 112, 115, 115, 116, 118, 118, 112, 115, 116, 118, 112, 115, 116, 118, 112, 115, 116, 118, 112, 115, 116, 118, 112, 115, 116, 118, 112, 115, 116, 118, 112, 115, 116, 118, 112, 115, 116, 112, 118, 112, 112, 115, 116, 118, 118, 118, 108, 111, 110, 111, 112, 114, 114, 115, 116, 117, 118]
7;jscatterplot 74C.odem;74;[1.0,-0.5,];[7, 4];98.63;5005;0;337512 ; [72, 72, 72, 72, 72, 72, 72, 72, 72, 72, 72, 72, 72, 72, 72, 72, 72, 72, 72, 72, 72, 72, 72, 72, 72, 72, 72, 72, 72, 72, 72, 72, 72, 72, 72, 72, 72, 72, 72, 72, 72, 72, 72, 72, 72, 72, 72, 72, 72, 72, 72, 72, 72, 72, 72, 72, 72, 72, 72, 72, 72, 72, 72, 72, 72, 72, 72, 72, 72, 72, 72, 72, 72, 73]
4;junit-3.8.1 100C.odem;100;[-0.5,-0.5,];[4, 4];51.06;5001;12;510461 ; [98, 98, 98, 98, 98, 98, 98, 98, 98, 98, 98, 98, 98, 98, 98, 98, 98, 98, 98, 98, 98, 98, 98, 98, 98, 98, 98, 98, 98, 98, 98, 98, 98, 98, 98, 98, 98, 98, 98, 98, 98, 98, 98, 98, 98, 98, 98, 98, 98, 98, 98, 98, 98, 98, 98, 98, 98, 98, 98, 98, 98, 98, 98, 98, 98, 98, 98, 98, 98, 98, 98, 98, 98, 98, 98, 98, 98, 98, 98, 98, 98, 98, 98, 98, 98, 98, 98, 98, 98, 98, 98, 98, 98, 98, 98, 98, 98, 98, 98, 99]
5;jfluid-1.7.0 82C.odem;82;[-2.5,2.5,];[0, 10];50.0;5001;0;457098 ; [71, 71, 71, 71, 69, 68, 68, 71, 73, 73, 76, 78, 72, 72, 78, 68, 80, 69, 68, 81, 80, 69, 69, 71, 73, 72, 75, 75, 77, 77, 81, 78, 80, 81, 81, 69, 71, 73, 76, 75, 76, 77, 78, 79, 79, 80, 69, 81, 68, 69, 69, 72, 75, 74, 71, 73, 75, 75, 76, 76, 77, 78, 79, 80, 81, 81, 81, 68, 68, 69, 72, 71, 72, 73, 74, 75, 76, 77, 78, 79, 80, 81]
8;jscatterplot 74C.odem;74;[0.0,0.0,];[5, 5];98.63;5001;12;344485 ; [72, 72, 72, 72, 72, 72, 72, 72, 72, 72, 72, 72, 72, 72, 72, 72, 72, 72, 72, 72, 72, 72, 72, 72, 72, 72, 72, 72, 72, 72, 72, 72, 72, 72, 72, 72, 72, 72, 72, 72, 72, 72, 72, 72, 72, 72, 72, 72, 72, 72, 72, 72, 72, 72, 72, 72, 72, 72, 72, 72, 72, 72, 72, 72, 72, 72, 72, 72, 72, 72, 72, 72, 72, 73]
6;jfluid-1.7.0 82C.odem;82;[0.0,-2.0,];[5, 1];50.0;5003;24;468253 ; [80, 80, 80, 80, 80, 80, 80, 80, 80, 80, 80, 80, 80, 80, 80, 80, 80, 80, 80, 80, 80, 80, 80, 80, 80, 80, 80, 80, 80, 80, 80, 80, 80, 80, 80, 80, 80, 80, 80, 80, 80, 80, 80, 80, 80, 80, 80, 80, 80, 80, 80, 80, 80, 80, 80, 80, 80, 80, 80, 80, 80, 80, 80, 80, 80, 80, 80, 80, 80, 80, 80, 80, 80, 80, 80, 80, 80, 80, 80, 80, 80, 81]
5;junit-3.8.1 100C.odem;100;[-2.5,-2.5,];[0, 0];51.06;5000;10;511178 ; [90, 90, 90, 90, 90, 92, 89, 90, 90, 90, 90, 90, 90, 90, 90, 92, 88, 88, 90, 89, 89, 89, 89, 90, 90, 92, 88, 89, 87, 89, 90, 92, 87, 88, 89, 90, 88, 90, 88, 89, 92, 87, 87, 87, 88, 88, 88, 89, 89, 91, 90, 91, 87, 98, 92, 98, 99, 87, 99, 87, 87, 87, 87, 87, 88, 89, 90, 91, 92, 98, 99, 87, 87, 87, 88, 89, 87, 90, 91, 92, 98, 99, 87, 87, 87, 93, 87, 87, 88, 89, 90, 91, 92, 93, 96, 97, 96, 97, 98, 99]
9;jscatterplot 74C.odem;74;[0.0,1.5,];[5, 8];98.63;5004;0;343901 ; [50, 50, 50, 50, 53, 60, 50, 53, 60, 60, 60, 50, 60, 50, 50, 60, 50, 50, 50, 60, 55, 53, 60, 57, 62, 60, 62, 54, 50, 50, 50, 53, 54, 57, 60, 60, 69, 60, 62, 69, 72, 72, 73, 73, 50, 50, 51, 52, 50, 50, 50, 51, 52, 53, 54, 55, 64, 57, 59, 59, 60, 63, 62, 63, 64, 71, 68, 70, 68, 69, 70, 71, 72, 73]
7;jfluid-1.7.0 82C.odem;82;[0.5,-1.0,];[6, 3];50.0;5000;0;453254 ; [80, 80, 80, 80, 80, 80, 80, 80, 80, 80, 80, 80, 80, 80, 80, 80, 80, 80, 80, 80, 80, 80, 80, 80, 80, 80, 80, 80, 80, 80, 80, 80, 80, 80, 80, 80, 80, 80, 80, 80, 80, 80, 80, 80, 80, 80, 80, 80, 80, 80, 80, 80, 80, 80, 80, 80, 80, 80, 80, 80, 80, 80, 80, 80, 80, 80, 80, 80, 80, 80, 80, 80, 80, 80, 80, 80, 80, 80, 80, 80, 80, 81]
6;junit-3.8.1 100C.odem;100;[-0.5,-2.0,];[4, 1];51.06;5002;18;515165 ; [90, 90, 90, 90, 90, 92, 89, 90, 90, 90, 90, 90, 90, 90, 90, 92, 88, 88, 90, 89, 89, 89, 89, 90, 90, 92, 88, 89, 87, 89, 90, 92, 87, 88, 89, 90, 88, 90, 88, 89, 92, 87, 87, 87, 88, 88, 88, 89, 89, 91, 90, 91, 87, 98, 92, 98, 99, 87, 99, 87, 87, 87, 87, 87, 88, 89, 90, 91, 92, 98, 99, 87, 87, 87, 88, 89, 87, 90, 91, 92, 98, 99, 87, 87, 87, 93, 87, 87, 88, 89, 90, 91, 92, 93, 96, 97, 96, 97, 98, 99]
1;javacc 154C.odem;154;[-2.5,-2.0,];[0, 1];64.19;5004;0;1845278 ; [135, 152, 153, 129, 129, 129, 129, 152, 151, 152, 152, 152, 135, 152, 152, 129, 147, 118, 129, 152, 152, 152, 152, 152, 152, 152, 152, 152, 129, 152, 147, 152, 129, 153, 152, 152, 152, 152, 152, 152, 152, 152, 152, 152, 152, 152, 152, 152, 152, 152, 152, 152, 152, 152, 152, 152, 118, 152, 129, 129, 129, 129, 135, 118, 152, 129, 147, 129, 153, 152, 153, 153, 153, 153, 153, 129, 129, 129, 147, 152, 152, 118, 151, 147, 153, 146, 129, 135, 133, 135, 147, 119, 147, 152, 118, 119, 151, 127, 145, 145, 129, 120, 129, 151, 133, 150, 150, 135, 135, 122, 151, 136, 151, 147, 147, 152, 132, 152, 118, 119, 120, 124, 122, 145, 124, 144, 128, 127, 128, 129, 131, 131, 132, 133, 150, 135, 136, 142, 148, 143, 149, 151, 142, 143, 144, 145, 146, 147, 148, 149, 150, 151, 152, 153]
2;xmldom 119C.odem;119;[2.0,2.5,];[9, 10];47.27;5000;0;1305968 ; [118, 118, 118, 116, 118, 118, 118, 116, 118, 118, 118, 118, 118, 116, 116, 118, 118, 116, 118, 118, 116, 115, 116, 110, 115, 118, 112, 115, 115, 116, 116, 110, 118, 112, 115, 108, 116, 110, 118, 112, 117, 115, 115, 115, 116, 118, 115, 112, 115, 115, 115, 116, 118, 112, 115, 116, 118, 118, 112, 115, 116, 118, 112, 115, 115, 116, 118, 118, 112, 115, 116, 118, 112, 115, 116, 118, 112, 115, 116, 118, 112, 115, 116, 118, 112, 115, 116, 118, 112, 115, 116, 118, 112, 115, 116, 118, 112, 115, 116, 112, 118, 112, 112, 115, 116, 118, 118, 118, 108, 111, 110, 111, 112, 114, 114, 115, 116, 117, 118]
0;pdf_renderer 199C.odem;199;[-1.5,-1.0,];[2, 3];33.33;5002;0;4373675 ; [197, 197, 197, 197, 197, 197, 197, 197, 197, 197, 197, 197, 197, 197, 197, 197, 197, 197, 197, 197, 197, 197, 197, 197, 197, 197, 197, 197, 197, 197, 197, 197, 197, 197, 197, 197, 197, 197, 197, 197, 197, 197, 197, 197, 197, 197, 197, 197, 197, 197, 197, 197, 197, 197, 197, 197, 197, 197, 197, 197, 197, 197, 197, 197, 197, 197, 197, 197, 197, 197, 197, 197, 197, 197, 197, 197, 197, 197, 197, 197, 197, 197, 197, 197, 197, 197, 197, 197, 197, 197, 197, 197, 197, 197, 197, 197, 197, 197, 197, 197, 197, 197, 197, 197, 197, 197, 197, 197, 197, 197, 197, 197, 197, 197, 197, 197, 197, 197, 197, 197, 197, 197, 197, 197, 197, 197, 197, 197, 197, 197, 197, 197, 197, 197, 197, 197, 197, 197, 197, 197, 197, 197, 197, 197, 197, 197, 197, 197, 197, 197, 197, 197, 197, 197, 197, 197, 197, 197, 197, 197, 197, 197, 197, 197, 197, 197, 197, 197, 197, 197, 197, 197, 197, 197, 197, 197, 197, 197, 197, 197, 197, 197, 197, 197, 197, 197, 197, 197, 197, 197, 197, 197, 197, 197, 197, 197, 197, 197, 198]
8;jfluid-1.7.0 82C.odem;82;[0.0,-0.5,];[5, 4];50.0;5004;12;444884 ; [80, 80, 80, 80, 80, 80, 80, 80, 80, 80, 80, 80, 80, 80, 80, 80, 80, 80, 80, 80, 80, 80, 80, 80, 80, 80, 80, 80, 80, 80, 80, 80, 80, 80, 80, 80, 80, 80, 80, 80, 80, 80, 80, 80, 80, 80, 80, 80, 80, 80, 80, 80, 80, 80, 80, 80, 80, 80, 80, 80, 80, 80, 80, 80, 80, 80, 80, 80, 80, 80, 80, 80, 80, 80, 80, 80, 80, 80, 80, 80, 80, 81]
0;JavaGeom 172C.odem;172;[-0.5,-2.0,];[4, 1];47.44;5004;0;4445504 ; [104, 149, 104, 166, 104, 104, 104, 104, 104, 104, 104, 104, 104, 104, 166, 104, 104, 149, 166, 166, 104, 104, 104, 146, 146, 100, 128, 100, 151, 128, 149, 166, 166, 166, 104, 170, 106, 106, 106, 115, 106, 119, 115, 119, 119, 166, 122, 123, 119, 146, 122, 123, 123, 123, 123, 123, 127, 127, 118, 127, 127, 136, 127, 135, 127, 136, 100, 128, 136, 136, 107, 137, 137, 139, 145, 139, 142, 142, 143, 143, 145, 144, 144, 145, 145, 145, 145, 154, 149, 154, 166, 166, 171, 171, 171, 171, 171, 171, 100, 100, 100, 102, 102, 130, 104, 120, 106, 107, 126, 125, 117, 112, 112, 116, 147, 115, 116, 117, 118, 119, 120, 124, 122, 123, 124, 125, 126, 127, 128, 131, 130, 131, 133, 133, 138, 135, 136, 137, 138, 139, 141, 141, 142, 143, 144, 145, 146, 147, 150, 149, 150, 151, 155, 156, 154, 155, 156, 158, 158, 160, 160, 167, 163, 163, 165, 165, 166, 167, 169, 169, 170, 171]
7;junit-3.8.1 100C.odem;100;[-0.5,-2.0,];[4, 1];51.06;5005;0;526914 ; [90, 90, 90, 90, 90, 92, 89, 90, 90, 90, 90, 90, 90, 90, 90, 92, 88, 88, 90, 89, 89, 89, 89, 90, 90, 92, 88, 89, 87, 89, 90, 92, 87, 88, 89, 90, 88, 90, 88, 89, 92, 87, 87, 87, 88, 88, 88, 89, 89, 91, 90, 91, 87, 98, 92, 98, 99, 87, 99, 87, 87, 87, 87, 87, 88, 89, 90, 91, 92, 98, 99, 87, 87, 87, 88, 89, 87, 90, 91, 92, 98, 99, 87, 87, 87, 93, 87, 87, 88, 89, 90, 91, 92, 93, 96, 97, 96, 97, 98, 99]
9;jfluid-1.7.0 82C.odem;82;[-1.5,0.0,];[2, 5];50.0;5001;0;394564 ; [71, 71, 71, 71, 69, 68, 68, 71, 73, 73, 76, 78, 72, 72, 78, 68, 80, 69, 68, 81, 80, 69, 69, 71, 73, 72, 75, 75, 77, 77, 81, 78, 80, 81, 81, 69, 71, 73, 76, 75, 76, 77, 78, 79, 79, 80, 69, 81, 68, 69, 69, 72, 75, 74, 71, 73, 75, 75, 76, 76, 77, 78, 79, 80, 81, 81, 81, 68, 68, 69, 72, 71, 72, 73, 74, 75, 76, 77, 78, 79, 80, 81]
8;junit-3.8.1 100C.odem;100;[-1.5,-2.5,];[2, 0];51.06;5000;29;365649 ; [98, 98, 98, 98, 98, 98, 98, 98, 98, 98, 98, 98, 98, 98, 98, 98, 98, 98, 98, 98, 98, 98, 98, 98, 98, 98, 98, 98, 98, 98, 98, 98, 98, 98, 98, 98, 98, 98, 98, 98, 98, 98, 98, 98, 98, 98, 98, 98, 98, 98, 98, 98, 98, 98, 98, 98, 98, 98, 98, 98, 98, 98, 98, 98, 98, 98, 98, 98, 98, 98, 98, 98, 98, 98, 98, 98, 98, 98, 98, 98, 98, 98, 98, 98, 98, 98, 98, 98, 98, 98, 98, 98, 98, 98, 98, 98, 98, 98, 98, 99]
3;xmldom 119C.odem;119;[-2.5,-2.5,];[0, 0];47.27;5003;0;951926 ; [118, 118, 118, 116, 118, 118, 118, 116, 118, 118, 118, 118, 118, 116, 116, 118, 118, 116, 118, 118, 116, 115, 116, 110, 115, 118, 112, 115, 115, 116, 116, 110, 118, 112, 115, 108, 116, 110, 118, 112, 117, 115, 115, 115, 116, 118, 115, 112, 115, 115, 115, 116, 118, 112, 115, 116, 118, 118, 112, 115, 116, 118, 112, 115, 115, 116, 118, 118, 112, 115, 116, 118, 112, 115, 116, 118, 112, 115, 116, 118, 112, 115, 116, 118, 112, 115, 116, 118, 112, 115, 116, 118, 112, 115, 116, 118, 112, 115, 116, 112, 118, 112, 112, 115, 116, 118, 118, 118, 108, 111, 110, 111, 112, 114, 114, 115, 116, 117, 118]
0;JMetal 190C.odem;190;[-0.5,-0.5,];[4, 4];23.3;5001;17;5280868 ; [1, 1, 2, 3, 4, 5, 6, 7, 8, 9, 10, 11, 12, 13, 14, 15, 16, 17, 18, 19, 20, 21, 22, 23, 24, 25, 26, 27, 28, 29, 30, 31, 32, 33, 34, 35, 36, 37, 38, 39, 40, 41, 42, 43, 44, 45, 46, 47, 48, 49, 50, 51, 52, 53, 54, 55, 56, 57, 58, 59, 60, 61, 62, 63, 64, 65, 66, 67, 68, 69, 70, 71, 72, 73, 74, 75, 76, 77, 78, 79, 80, 81, 82, 83, 84, 85, 86, 87, 88, 89, 90, 91, 92, 93, 94, 95, 96, 97, 98, 99, 100, 101, 102, 103, 104, 105, 106, 107, 108, 109, 110, 111, 112, 113, 114, 115, 116, 117, 118, 119, 120, 121, 122, 123, 124, 125, 126, 127, 128, 129, 130, 131, 132, 133, 134, 135, 136, 137, 138, 139, 140, 141, 142, 143, 144, 145, 146, 147, 148, 149, 150, 151, 152, 153, 154, 155, 156, 157, 158, 159, 160, 161, 162, 163, 164, 165, 166, 167, 168, 169, 170, 171, 172, 173, 174, 175, 176, 177, 178, 179, 180, 181, 182, 183, 184, 185, 186, 187, 188, 189]
9;junit-3.8.1 100C.odem;100;[-0.5,-0.5,];[4, 4];51.06;5003;30;344674 ; [90, 90, 90, 90, 90, 92, 89, 90, 90, 90, 90, 90, 90, 90, 90, 92, 88, 88, 90, 89, 89, 89, 89, 90, 90, 92, 88, 89, 87, 89, 90, 92, 87, 88, 89, 90, 88, 90, 88, 89, 92, 87, 87, 87, 88, 88, 88, 89, 89, 91, 90, 91, 87, 98, 92, 98, 99, 87, 99, 87, 87, 87, 87, 87, 88, 89, 90, 91, 92, 98, 99, 87, 87, 87, 88, 89, 87, 90, 91, 92, 98, 99, 87, 87, 87, 93, 87, 87, 88, 89, 90, 91, 92, 93, 96, 97, 96, 97, 98, 99]
0;jconsole-1.7.0 220C.odem;220;[-1.5,2.5,];[2, 10];62.96;5000;0;5413871 ; [162, 162, 162, 162, 196, 162, 162, 162, 196, 204, 204, 204, 204, 203, 203, 162, 196, 200, 209, 200, 203, 181, 203, 207, 214, 204, 207, 214, 209, 209, 182, 162, 182, 206, 196, 197, 197, 199, 199, 200, 203, 204, 184, 206, 207, 209, 163, 209, 162, 163, 176, 211, 201, 176, 178, 178, 181, 198, 219, 178, 178, 178, 178, 198, 181, 184, 182, 184, 187, 187, 194, 194, 195, 195, 203, 217, 197, 196, 197, 197, 198, 198, 199, 200, 203, 203, 206, 204, 206, 206, 207, 214, 214, 209, 215, 215, 209, 209, 215, 215, 216, 216, 216, 216, 203, 168, 152, 152, 168, 156, 162, 156, 168, 162, 162, 163, 168, 168, 168, 176, 178, 181, 181, 182, 184, 184, 218, 187, 189, 189, 194, 195, 196, 197, 198, 199, 200, 219, 203, 203, 209, 159, 204, 206, 207, 214, 209, 209, 215, 215, 215, 216, 152, 154, 154, 158, 156, 205, 158, 159, 165, 164, 162, 163, 164, 165, 172, 169, 168, 169, 171, 171, 172, 188, 175, 175, 176, 186, 178, 180, 180, 181, 182, 185, 184, 185, 186, 187, 188, 189, 193, 192, 192, 193, 194, 195, 196, 197, 198, 199, 200, 201, 219, 203, 204, 205, 206, 207, 210, 209, 210, 211, 213, 213, 214, 215, 216, 217, 218, 219]
0;Jung-visualization 221C.odem;221;[2.5,0.5,];[10, 6];32.38;5001;10;5436566 ; [168, 168, 143, 200, 200, 168, 143, 150, 150, 196, 168, 143, 150, 168, 196, 189, 189, 143, 196, 161, 147, 150, 161, 163, 163, 168, 172, 212, 187, 145, 172, 196, 196, 212, 189, 212, 212, 143, 145, 198, 215, 145, 145, 150, 161, 187, 211, 196, 185, 163, 168, 172, 185, 196, 205, 205, 211, 211, 211, 217, 212, 217, 162, 143, 145, 150, 161, 162, 184, 187, 163, 168, 172, 184, 185, 187, 196, 196, 143, 195, 145, 200, 200, 203, 203, 212, 205, 211, 212, 212, 217, 219, 219, 143, 143, 145, 143, 208, 143, 143, 143, 145, 145, 145, 150, 161, 211, 162, 163, 213, 168, 194, 172, 168, 168, 172, 172, 184, 185, 187, 194, 220, 190, 196, 200, 146, 203, 205, 211, 211, 212, 217, 218, 218, 214, 219, 216, 143, 143, 143, 143, 143, 148, 143, 149, 145, 146, 147, 148, 149, 150, 199, 165, 166, 169, 159, 176, 177, 178, 159, 173, 161, 162, 163, 183, 165, 166, 179, 168, 169, 171, 171, 172, 173, 175, 175, 176, 177, 178, 179, 201, 182, 182, 183, 184, 185, 188, 187, 188, 189, 190, 197, 193, 193, 194, 195, 196, 197, 198, 199, 200, 201, 207, 203, 206, 205, 206, 207, 208, 210, 210, 211, 212, 213, 214, 215, 216, 217, 218, 219, 220]
0;dom4j-1.5.2 195C.odem;195;[-2.0,-2.5,];[1, 0];28.89;5004;0;5534612 ; [175, 185, 185, 185, 185, 170, 185, 170, 186, 170, 170, 182, 182, 186, 158, 185, 175, 158, 170, 182, 177, 186, 185, 175, 158, 170, 171, 171, 173, 173, 182, 173, 185, 160, 185, 186, 185, 179, 171, 150, 156, 157, 190, 190, 159, 150, 161, 162, 158, 170, 171, 163, 164, 171, 173, 182, 185, 190, 193, 193, 174, 193, 176, 170, 150, 158, 166, 166, 170, 170, 171, 173, 174, 174, 174, 182, 185, 185, 185, 185, 166, 185, 179, 190, 193, 193, 151, 150, 151, 158, 166, 166, 194, 167, 167, 170, 171, 172, 173, 172, 173, 173, 174, 178, 178, 182, 178, 178, 182, 182, 185, 185, 186, 179, 186, 186, 189, 189, 190, 193, 150, 151, 152, 152, 158, 166, 167, 170, 171, 172, 173, 185, 173, 173, 173, 174, 178, 189, 182, 185, 185, 186, 189, 154, 153, 189, 190, 193, 193, 193, 150, 151, 152, 153, 154, 169, 156, 157, 158, 159, 160, 161, 162, 163, 164, 168, 166, 167, 168, 169, 170, 171, 172, 173, 174, 175, 176, 177, 178, 179, 181, 181, 182, 184, 184, 185, 186, 188, 188, 189, 190, 192, 192, 193, 194]
2;javacc 154C.odem;154;[-0.5,-2.5,];[4, 0];64.19;5001;0;1366772 ; [152, 152, 152, 152, 152, 152, 152, 152, 152, 152, 152, 152, 152, 152, 152, 152, 152, 152, 152, 152, 152, 152, 152, 152, 152, 152, 152, 152, 152, 152, 152, 152, 152, 152, 152, 152, 152, 152, 152, 152, 152, 152, 152, 152, 152, 152, 152, 152, 152, 152, 152, 152, 152, 152, 152, 152, 152, 152, 152, 152, 152, 152, 152, 152, 152, 152, 152, 152, 152, 152, 152, 152, 152, 152, 152, 152, 152, 152, 152, 152, 152, 152, 152, 152, 152, 152, 152, 152, 152, 152, 152, 152, 152, 152, 152, 152, 152, 152, 152, 152, 152, 152, 152, 152, 152, 152, 152, 152, 152, 152, 152, 152, 152, 152, 152, 152, 152, 152, 152, 152, 152, 152, 152, 152, 152, 152, 152, 152, 152, 152, 152, 152, 152, 152, 152, 152, 152, 152, 152, 152, 152, 152, 152, 152, 152, 152, 152, 152, 152, 152, 152, 152, 152, 153]
4;xmldom 119C.odem;119;[-2.5,-1.0,];[0, 3];47.27;5002;11;782417 ; [118, 118, 118, 116, 118, 118, 118, 116, 118, 118, 118, 118, 118, 116, 116, 118, 118, 116, 118, 118, 116, 115, 116, 110, 115, 118, 112, 115, 115, 116, 116, 110, 118, 112, 115, 108, 116, 110, 118, 112, 117, 115, 115, 115, 116, 118, 115, 112, 115, 115, 115, 116, 118, 112, 115, 116, 118, 118, 112, 115, 116, 118, 112, 115, 115, 116, 118, 118, 112, 115, 116, 118, 112, 115, 116, 118, 112, 115, 116, 118, 112, 115, 116, 118, 112, 115, 116, 118, 112, 115, 116, 118, 112, 115, 116, 118, 112, 115, 116, 112, 118, 112, 112, 115, 116, 118, 118, 118, 108, 111, 110, 111, 112, 114, 114, 115, 116, 117, 118]
0;Jung-graph 207C.odem;207;[1.0,0.5,];[7, 6];29.69;5001;0;6148020 ; [199, 185, 184, 204, 184, 199, 199, 202, 202, 199, 204, 205, 184, 205, 172, 172, 181, 181, 185, 185, 189, 189, 190, 190, 191, 191, 192, 192, 198, 198, 205, 199, 204, 199, 184, 199, 202, 204, 205, 204, 205, 205, 159, 205, 159, 172, 181, 185, 185, 185, 155, 185, 189, 190, 191, 192, 198, 199, 202, 204, 204, 204, 205, 155, 159, 172, 181, 184, 184, 185, 185, 185, 189, 188, 188, 189, 189, 189, 189, 190, 190, 190, 191, 195, 192, 192, 192, 198, 199, 202, 206, 204, 146, 205, 146, 152, 152, 159, 198, 193, 193, 155, 159, 159, 167, 167, 184, 170, 170, 172, 172, 172, 187, 173, 173, 191, 173, 173, 181, 184, 184, 185, 179, 184, 194, 184, 191, 185, 187, 185, 187, 187, 188, 189, 190, 191, 191, 191, 192, 198, 198, 199, 202, 204, 205, 163, 146, 154, 151, 150, 150, 151, 152, 193, 154, 155, 161, 158, 158, 159, 162, 161, 162, 163, 169, 171, 168, 167, 168, 169, 170, 171, 172, 173, 175, 175, 200, 178, 178, 179, 186, 181, 183, 183, 184, 185, 186, 187, 188, 189, 190, 191, 192, 193, 194, 195, 197, 197, 198, 199, 200, 203, 202, 203, 204, 205, 206]
3;javacc 154C.odem;154;[0.5,1.0,];[6, 7];64.19;5003;13;1111885 ; [152, 152, 152, 152, 152, 152, 152, 152, 152, 152, 152, 152, 152, 152, 152, 152, 152, 152, 152, 152, 152, 152, 152, 152, 152, 152, 152, 152, 152, 152, 152, 152, 152, 152, 152, 152, 152, 152, 152, 152, 152, 152, 152, 152, 152, 152, 152, 152, 152, 152, 152, 152, 152, 152, 152, 152, 152, 152, 152, 152, 152, 152, 152, 152, 152, 152, 152, 152, 152, 152, 152, 152, 152, 152, 152, 152, 152, 152, 152, 152, 152, 152, 152, 152, 152, 152, 152, 152, 152, 152, 152, 152, 152, 152, 152, 152, 152, 152, 152, 152, 152, 152, 152, 152, 152, 152, 152, 152, 152, 152, 152, 152, 152, 152, 152, 152, 152, 152, 152, 152, 152, 152, 152, 152, 152, 152, 152, 152, 152, 152, 152, 152, 152, 152, 152, 152, 152, 152, 152, 152, 152, 152, 152, 152, 152, 152, 152, 152, 152, 152, 152, 152, 152, 153]
5;xmldom 119C.odem;119;[-2.5,-1.5,];[0, 2];47.27;5002;18;771212 ; [118, 118, 118, 116, 118, 118, 118, 116, 118, 118, 118, 118, 118, 116, 116, 118, 118, 116, 118, 118, 116, 115, 116, 110, 115, 118, 112, 115, 115, 116, 116, 110, 118, 112, 115, 108, 116, 110, 118, 112, 117, 115, 115, 115, 116, 118, 115, 112, 115, 115, 115, 116, 118, 112, 115, 116, 118, 118, 112, 115, 116, 118, 112, 115, 115, 116, 118, 118, 112, 115, 116, 118, 112, 115, 116, 118, 112, 115, 116, 118, 112, 115, 116, 118, 112, 115, 116, 118, 112, 115, 116, 118, 112, 115, 116, 118, 112, 115, 116, 112, 118, 112, 112, 115, 116, 118, 118, 118, 108, 111, 110, 111, 112, 114, 114, 115, 116, 117, 118]
1;pdf_renderer 199C.odem;199;[1.5,2.0,];[8, 9];33.33;5000;13;2512314 ; [177, 191, 164, 179, 179, 176, 179, 179, 164, 179, 164, 179, 179, 179, 191, 164, 164, 179, 164, 164, 164, 164, 171, 191, 176, 183, 177, 179, 191, 164, 182, 164, 164, 164, 164, 171, 176, 190, 177, 179, 170, 164, 197, 164, 191, 197, 164, 164, 171, 164, 165, 168, 164, 164, 167, 164, 165, 173, 167, 168, 169, 169, 170, 171, 171, 173, 176, 177, 179, 192, 186, 186, 190, 194, 190, 192, 190, 196, 198, 191, 192, 192, 194, 196, 197, 198, 164, 164, 166, 196, 164, 164, 165, 164, 166, 167, 168, 169, 182, 174, 169, 169, 170, 171, 172, 172, 174, 173, 174, 174, 176, 177, 179, 180, 180, 186, 195, 190, 191, 192, 194, 195, 164, 178, 196, 196, 197, 198, 164, 164, 164, 164, 164, 164, 165, 166, 167, 168, 182, 169, 170, 171, 172, 172, 172, 173, 174, 176, 177, 178, 179, 180, 186, 190, 191, 192, 194, 195, 196, 197, 198, 164, 164, 164, 164, 165, 166, 167, 168, 169, 170, 171, 172, 173, 174, 181, 176, 177, 178, 179, 180, 181, 182, 183, 189, 193, 186, 188, 188, 189, 190, 191, 192, 193, 194, 195, 196, 197, 198]
1;JavaGeom 172C.odem;172;[0.5,2.0,];[6, 9];47.44;5001;28;2533586 ; [170, 170, 170, 170, 170, 170, 170, 170, 170, 170, 170, 170, 170, 170, 170, 170, 170, 170, 170, 170, 170, 170, 170, 170, 170, 170, 170, 170, 170, 170, 170, 170, 170, 170, 170, 170, 170, 170, 170, 170, 170, 170, 170, 170, 170, 170, 170, 170, 170, 170, 170, 170, 170, 170, 170, 170, 170, 170, 170, 170, 170, 170, 170, 170, 170, 170, 170, 170, 170, 170, 170, 170, 170, 170, 170, 170, 170, 170, 170, 170, 170, 170, 170, 170, 170, 170, 170, 170, 170, 170, 170, 170, 170, 170, 170, 170, 170, 170, 170, 170, 170, 170, 170, 170, 170, 170, 170, 170, 170, 170, 170, 170, 170, 170, 170, 170, 170, 170, 170, 170, 170, 170, 170, 170, 170, 170, 170, 170, 170, 170, 170, 170, 170, 170, 170, 170, 170, 170, 170, 170, 170, 170, 170, 170, 170, 170, 170, 170, 170, 170, 170, 170, 170, 170, 170, 170, 170, 170, 170, 170, 170, 170, 170, 170, 170, 170, 170, 170, 170, 170, 170, 171]
6;xmldom 119C.odem;119;[2.5,0.5,];[10, 6];47.27;5001;10;781992 ; [118, 118, 118, 116, 118, 118, 118, 116, 118, 118, 118, 118, 118, 116, 116, 118, 118, 116, 118, 118, 116, 115, 116, 110, 115, 118, 112, 115, 115, 116, 116, 110, 118, 112, 115, 108, 116, 110, 118, 112, 117, 115, 115, 115, 116, 118, 115, 112, 115, 115, 115, 116, 118, 112, 115, 116, 118, 118, 112, 115, 116, 118, 112, 115, 115, 116, 118, 118, 112, 115, 116, 118, 112, 115, 116, 118, 112, 115, 116, 118, 112, 115, 116, 118, 112, 115, 116, 118, 112, 115, 116, 118, 112, 115, 116, 118, 112, 115, 116, 112, 118, 112, 112, 115, 116, 118, 118, 118, 108, 111, 110, 111, 112, 114, 114, 115, 116, 117, 118]
4;javacc 154C.odem;154;[1.5,0.5,];[8, 6];64.19;5001;12;1117647 ; [135, 152, 153, 129, 129, 129, 129, 152, 151, 152, 152, 152, 135, 152, 152, 129, 147, 118, 129, 152, 152, 152, 152, 152, 152, 152, 152, 152, 129, 152, 147, 152, 129, 153, 152, 152, 152, 152, 152, 152, 152, 152, 152, 152, 152, 152, 152, 152, 152, 152, 152, 152, 152, 152, 152, 152, 118, 152, 129, 129, 129, 129, 135, 118, 152, 129, 147, 129, 153, 152, 153, 153, 153, 153, 153, 129, 129, 129, 147, 152, 152, 118, 151, 147, 153, 146, 129, 135, 133, 135, 147, 119, 147, 152, 118, 119, 151, 127, 145, 145, 129, 120, 129, 151, 133, 150, 150, 135, 135, 122, 151, 136, 151, 147, 147, 152, 132, 152, 118, 119, 120, 124, 122, 145, 124, 144, 128, 127, 128, 129, 131, 131, 132, 133, 150, 135, 136, 142, 148, 143, 149, 151, 142, 143, 144, 145, 146, 147, 148, 149, 150, 151, 152, 153]
0;jml 270C.odem;270;[2.5,2.5,];[10, 10];23.53;5002;0;8285001 ; [232, 232, 232, 246, 224, 224, 224, 224, 232, 224, 224, 224, 232, 239, 239, 262, 262, 246, 246, 223, 246, 224, 224, 224, 232, 223, 239, 223, 227, 227, 227, 227, 227, 227, 246, 246, 246, 246, 246, 246, 262, 226, 239, 234, 246, 224, 254, 239, 227, 219, 228, 227, 231, 263, 231, 228, 236, 232, 258, 236, 240, 240, 254, 263, 263, 223, 227, 254, 219, 223, 246, 254, 227, 264, 257, 267, 223, 246, 225, 223, 223, 224, 227, 227, 227, 231, 233, 233, 232, 232, 228, 232, 232, 232, 233, 236, 233, 236, 236, 238, 238, 240, 263, 254, 246, 219, 246, 253, 253, 248, 254, 258, 222, 222, 229, 255, 266, 253, 248, 253, 223, 224, 227, 231, 268, 248, 227, 229, 229, 229, 231, 231, 232, 256, 233, 236, 238, 263, 239, 239, 239, 239, 246, 239, 254, 264, 240, 246, 246, 253, 254, 258, 269, 222, 248, 239, 253, 223, 220, 230, 241, 224, 227, 229, 231, 232, 233, 236, 238, 263, 239, 239, 264, 240, 246, 246, 253, 254, 254, 258, 222, 223, 247, 224, 235, 227, 229, 231, 243, 232, 233, 234, 236, 237, 237, 238, 244, 245, 240, 242, 239, 242, 240, 246, 240, 242, 242, 246, 246, 248, 248, 253, 253, 254, 254, 258, 269, 263, 263, 219, 220, 265, 222, 223, 224, 225, 226, 227, 228, 229, 230, 231, 232, 233, 234, 235, 236, 237, 238, 239, 240, 241, 242, 243, 244, 245, 246, 247, 248, 250, 250, 252, 252, 253, 254, 255, 256, 257, 258, 261, 269, 261, 262, 263, 264, 265, 266, 267, 268, 269]
7;xmldom 119C.odem;119;[-1.5,-0.5,];[2, 4];47.27;5004;0;834413 ; [117, 117, 117, 117, 117, 117, 117, 117, 117, 117, 117, 117, 117, 117, 117, 117, 117, 117, 117, 117, 117, 117, 117, 117, 117, 117, 117, 117, 117, 117, 117, 117, 117, 117, 117, 117, 117, 117, 117, 117, 117, 117, 117, 117, 117, 117, 117, 117, 117, 117, 117, 117, 117, 117, 117, 117, 117, 117, 117, 117, 117, 117, 117, 117, 117, 117, 117, 117, 117, 117, 117, 117, 117, 117, 117, 117, 117, 117, 117, 117, 117, 117, 117, 117, 117, 117, 117, 117, 117, 117, 117, 117, 117, 117, 117, 117, 117, 117, 117, 117, 117, 117, 117, 117, 117, 117, 117, 117, 117, 117, 117, 117, 117, 117, 117, 117, 117, 117, 118]
1;JMetal 190C.odem;190;[-0.5,-2.0,];[4, 1];23.3;5001;12;3303863 ; [186, 186, 186, 186, 186, 186, 186, 186, 186, 186, 186, 186, 186, 186, 186, 186, 186, 186, 186, 186, 186, 186, 183, 186, 186, 183, 183, 186, 188, 186, 188, 162, 188, 188, 186, 186, 173, 162, 165, 162, 162, 186, 166, 162, 183, 186, 186, 162, 183, 186, 183, 162, 183, 186, 186, 162, 165, 162, 188, 188, 188, 188, 186, 186, 186, 186, 162, 162, 162, 188, 188, 165, 188, 188, 188, 173, 173, 186, 173, 173, 186, 188, 164, 186, 186, 162, 173, 186, 186, 180, 162, 162, 173, 173, 186, 186, 186, 162, 162, 188, 188, 164, 188, 173, 173, 186, 180, 163, 186, 162, 162, 188, 164, 173, 186, 173, 186, 186, 186, 180, 162, 161, 162, 162, 173, 186, 180, 162, 173, 186, 162, 173, 186, 173, 173, 173, 173, 186, 186, 162, 162, 173, 173, 173, 183, 183, 183, 186, 162, 173, 173, 173, 180, 180, 183, 183, 183, 186, 186, 188, 188, 161, 162, 163, 164, 165, 166, 169, 170, 169, 170, 172, 172, 173, 175, 175, 179, 178, 178, 179, 180, 182, 182, 183, 185, 185, 186, 189, 188, 189]
1;jconsole-1.7.0 220C.odem;220;[1.5,-1.0,];[8, 3];62.96;5002;0;3229143 ; [218, 218, 218, 218, 218, 218, 218, 218, 218, 218, 218, 218, 218, 218, 218, 218, 218, 218, 218, 218, 218, 218, 218, 218, 218, 218, 218, 218, 218, 218, 218, 218, 218, 218, 218, 218, 218, 218, 218, 218, 218, 218, 218, 218, 218, 218, 218, 218, 218, 218, 218, 218, 218, 218, 218, 218, 218, 218, 218, 218, 218, 218, 218, 218, 218, 218, 218, 218, 218, 218, 218, 218, 218, 218, 218, 218, 218, 218, 218, 218, 218, 218, 218, 218, 218, 218, 218, 218, 218, 218, 218, 218, 218, 218, 218, 218, 218, 218, 218, 218, 218, 218, 218, 218, 218, 218, 218, 218, 218, 218, 218, 218, 218, 218, 218, 218, 218, 218, 218, 218, 218, 218, 218, 218, 218, 218, 218, 218, 218, 218, 218, 218, 218, 218, 218, 218, 218, 218, 218, 218, 218, 218, 218, 218, 218, 218, 218, 218, 218, 218, 218, 218, 218, 218, 218, 218, 218, 218, 218, 218, 218, 218, 218, 218, 218, 218, 218, 218, 218, 218, 218, 218, 218, 218, 218, 218, 218, 218, 218, 218, 218, 218, 218, 218, 218, 218, 218, 218, 218, 218, 218, 218, 218, 218, 218, 218, 218, 218, 218, 218, 218, 218, 218, 218, 218, 218, 218, 218, 218, 218, 218, 218, 218, 218, 218, 218, 218, 218, 218, 219]
1;Jung-visualization 221C.odem;221;[0.5,2.5,];[6, 10];32.38;5001;30;3275658 ; [219, 219, 219, 219, 219, 219, 219, 219, 219, 219, 219, 219, 219, 219, 219, 219, 219, 219, 219, 219, 219, 219, 219, 219, 219, 219, 219, 219, 219, 219, 219, 219, 219, 219, 219, 219, 219, 219, 219, 219, 219, 219, 219, 219, 219, 219, 219, 219, 219, 219, 219, 219, 219, 219, 219, 219, 219, 219, 219, 219, 219, 219, 219, 219, 219, 219, 219, 219, 219, 219, 219, 219, 219, 219, 219, 219, 219, 219, 219, 219, 219, 219, 219, 219, 219, 219, 219, 219, 219, 219, 219, 219, 219, 219, 219, 219, 219, 219, 219, 219, 219, 219, 219, 219, 219, 219, 219, 219, 219, 219, 219, 219, 219, 219, 219, 219, 219, 219, 219, 219, 219, 219, 219, 219, 219, 219, 219, 219, 219, 219, 219, 219, 219, 219, 219, 219, 219, 219, 219, 219, 219, 219, 219, 219, 219, 219, 219, 219, 219, 219, 219, 219, 219, 219, 219, 219, 219, 219, 219, 219, 219, 219, 219, 219, 219, 219, 219, 219, 219, 219, 219, 219, 219, 219, 219, 219, 219, 219, 219, 219, 219, 219, 219, 219, 219, 219, 219, 219, 219, 219, 219, 219, 219, 219, 219, 219, 219, 219, 219, 219, 219, 219, 219, 219, 219, 219, 219, 219, 219, 219, 219, 219, 219, 219, 219, 219, 219, 219, 219, 219, 220]
5;javacc 154C.odem;154;[2.0,2.5,];[9, 10];64.19;5005;17;1146143 ; [152, 152, 152, 152, 152, 152, 152, 152, 152, 152, 152, 152, 152, 152, 152, 152, 152, 152, 152, 152, 152, 152, 152, 152, 152, 152, 152, 152, 152, 152, 152, 152, 152, 152, 152, 152, 152, 152, 152, 152, 152, 152, 152, 152, 152, 152, 152, 152, 152, 152, 152, 152, 152, 152, 152, 152, 152, 152, 152, 152, 152, 152, 152, 152, 152, 152, 152, 152, 152, 152, 152, 152, 152, 152, 152, 152, 152, 152, 152, 152, 152, 152, 152, 152, 152, 152, 152, 152, 152, 152, 152, 152, 152, 152, 152, 152, 152, 152, 152, 152, 152, 152, 152, 152, 152, 152, 152, 152, 152, 152, 152, 152, 152, 152, 152, 152, 152, 152, 152, 152, 152, 152, 152, 152, 152, 152, 152, 152, 152, 152, 152, 152, 152, 152, 152, 152, 152, 152, 152, 152, 152, 152, 152, 152, 152, 152, 152, 152, 152, 152, 152, 152, 152, 153]
