instacia classes mq tempo espaco mojo
jmetal 190 10,3379 220 120 55.98
jmetal 190 9,7441 113 115 57.07
jmetal 190 9,9076 86 123 54.35
jmetal 190 10,1725 48 120 53.26
jmetal 190 9,9478 47 116 54.89
jmetal 190 9,8365 76 112 56.52
jmetal 190 9,3829 99 108 56.52
jmetal 190 9,9357 83 104 55.43
jmetal 190 9,5977 89 101 49.46
jmetal 190 10,5116 56 97 57.61
jmetal 190 9,6992 66 93 51.63
jmetal 190 10,0882 45 89 55.98
jmetal 190 9,3053 42 85 52.17
jmetal 190 10,1903 46 82 55.43
jmetal 190 10,3736 56 78 54.89
jmetal 190 10,1021 53 74 53.8
jmetal 190 9,7931 109 70 57.61
jmetal 190 9,6078 63 67 53.8
jmetal 190 10,4176 54 63 53.26
jmetal 190 9,9452 48 59 57.07
jmetal 190 10,0356 48 56 53.8
jmetal 190 9,7533 44 52 53.8
jmetal 190 10,3921 45 121 54.89
jmetal 190 9,7746 25 117 51.63
jmetal 190 10,0518 49 114 56.52
jmetal 190 10,2133 68 110 57.61
jmetal 190 9,5302 55 106 53.8
jmetal 190 9,3253 46 103 56.52
jmetal 190 10,4328 62 99 56.52
jmetal 190 10,4219 82 95 55.98
jmetal 190 9,4709 103 91 54.35
jmetal 190 9,8785 74 88 53.8
jmetal 190 10,4942 50 84 55.98
jmetal 190 10,5444 38 80 58.7
jmetal 190 9,8768 51 77 53.8
jmetal 190 10,1371 49 73 51.09
jmetal 190 10,1623 45 69 57.07
jmetal 190 9,8514 31 66 54.35
jmetal 190 10,4435 31 62 57.07
jmetal 190 9,8053 33 58 57.07
jmetal 190 9,9455 42 54 53.8
jmetal 190 10,5199 29 51 54.35
jmetal 190 10,0417 41 120 53.26
jmetal 190 10,0564 39 116 56.52
jmetal 190 10,3354 44 112 57.07
jmetal 190 10,0233 27 108 54.35
jmetal 190 9,7360 40 105 50.54
jmetal 190 10,5709 28 101 54.89
jmetal 190 9,9742 27 97 52.17
jmetal 190 10,1376 24 93 56.52
jmetal 190 10,0438 34 90 49.46
jmetal 190 9,6845 30 86 55.43
jmetal 190 9,2362 29 82 54.35
jmetal 190 10,0289 28 79 55.43
jmetal 190 10,2304 30 75 58.15
jmetal 190 9,9670 34 71 52.72
jmetal 190 10,2692 30 67 54.35
jmetal 190 10,1564 33 64 53.26
jmetal 190 9,8111 32 60 50.0
jmetal 190 10,0578 35 56 53.26
jmetal 190 10,4742 26 53 54.35
jmetal 190 10,0740 28 121 58.15
jmetal 190 9,3631 25 118 52.72
jmetal 190 10,2492 32 114 53.8
jmetal 190 9,6476 34 110 55.43
jmetal 190 9,9211 23 107 52.72
jmetal 190 9,9031 24 103 55.98
jmetal 190 9,6949 24 99 56.52
jmetal 190 10,0965 27 95 54.35
jmetal 190 9,6921 23 92 54.89
jmetal 190 10,1397 29 88 54.35
jmetal 190 10,0169 24 84 54.35
jmetal 190 10,1146 24 81 55.98
jmetal 190 10,2012 30 77 53.8
jmetal 190 10,2956 29 73 57.61
jmetal 190 10,1250 25 69 55.98
jmetal 190 9,8175 29 66 52.17
jmetal 190 9,8770 30 62 51.63
jmetal 190 10,0216 26 58 58.7
jmetal 190 10,1962 31 55 56.52
jmetal 190 9,8801 26 51 54.35
jmetal 190 10,1466 32 120 52.17
jmetal 190 9,7172 27 116 53.8
jmetal 190 10,2387 30 112 58.7
jmetal 190 9,6802 24 109 56.52
jmetal 190 9,7202 25 105 55.98
jmetal 190 10,2142 40 101 54.35
jmetal 190 10,1357 42 97 54.35
jmetal 190 9,4707 45 94 54.89
jmetal 190 9,8744 70 90 56.52
jmetal 190 10,0981 54 86 53.26
jmetal 190 9,5829 47 83 54.35
jmetal 190 10,1192 58 79 50.0
jmetal 190 10,2982 38 75 56.52
jmetal 190 9,3846 27 72 54.35
jmetal 190 9,7271 44 68 54.35
jmetal 190 10,4131 28 64 55.98
jmetal 190 10,1861 27 60 53.26
jmetal 190 10,5938 33 56 54.89
jmetal 190 10,0834 32 53 55.98
jmetal 190 9,4736 41 122 53.8
jmetal 190 10,5552 32 118 54.89
jmetal 190 10,0848 44 114 58.15
jmetal 190 10,0017 36 110 51.63
jmetal 190 9,3662 25 107 52.72
jmetal 190 9,9536 26 103 55.43
jmetal 190 9,7074 25 99 51.63
jmetal 190 10,2909 24 96 55.43
jmetal 190 10,4862 24 92 52.72
jmetal 190 9,5065 31 88 53.26
jmetal 190 9,7724 39 85 54.35
jmetal 190 9,8716 24 81 54.89
jmetal 190 9,5570 27 77 54.89
jmetal 190 10,7159 28 74 58.7
jmetal 190 9,9760 27 70 51.63
jmetal 190 9,7531 36 66 51.09
jmetal 190 10,3676 53 62 55.43
jmetal 190 10,7498 40 59 58.7
jmetal 190 9,9023 29 55 55.98
jmetal 190 10,1481 31 51 53.8
jmetal 190 9,9834 32 120 50.54
jmetal 190 10,6021 33 116 52.17
jmetal 190 10,4378 37 112 50.0
jmetal 190 10,2831 32 109 53.26
jmetal 190 10,0946 26 105 53.8
jmetal 190 9,7769 28 101 53.8
jmetal 190 10,5965 30 98 54.35
jmetal 190 9,8395 27 94 58.15
jmetal 190 9,7523 28 90 53.26
jmetal 190 9,1507 34 86 53.26
jmetal 190 10,0072 25 83 56.52
jmetal 190 10,0096 26 79 58.7
jmetal 190 9,7301 23 75 54.35
jmetal 190 10,0982 27 72 51.63
jmetal 190 9,6887 27 68 52.72
jmetal 190 9,5216 28 64 57.61
jmetal 190 10,0380 27 60 53.8
jmetal 190 10,1651 26 57 55.98
jmetal 190 10,4937 25 53 58.15
jmetal 190 10,5105 30 122 55.43
jmetal 190 10,3134 25 119 59.24
jmetal 190 9,8389 26 115 52.72
jmetal 190 10,5311 26 111 57.07
jmetal 190 10,6670 30 107 57.61
jmetal 190 9,4445 31 104 56.52
jmetal 190 9,9731 26 100 54.89
jmetal 190 10,3257 27 96 59.24
jmetal 190 9,9218 24 93 57.07
jmetal 190 9,8030 26 89 55.98
jmetal 190 9,9189 24 85 52.72
jmetal 190 10,7412 24 81 58.15
jmetal 190 10,2891 23 78 52.72
jmetal 190 10,0863 23 74 50.54
jmetal 190 9,7716 23 71 52.72
jmetal 190 9,6233 33 67 49.46
jmetal 190 9,6425 31 63 51.63
jmetal 190 10,2590 24 60 55.98
jmetal 190 10,4347 24 56 54.89
jmetal 190 10,1459 24 52 55.43
jmetal 190 10,1010 26 121 56.52
jmetal 190 9,4149 28 118 53.26
jmetal 190 10,3148 28 114 54.89
jmetal 190 10,1411 24 110 55.98
jmetal 190 9,6140 23 107 52.72
jmetal 190 9,4653 26 103 54.89
jmetal 190 10,0556 23 99 53.8
jmetal 190 10,4719 24 96 57.61
jmetal 190 10,3390 23 92 51.63
jmetal 190 9,5762 25 88 54.35
jmetal 190 10,3964 23 85 57.61
jmetal 190 9,4524 30 81 53.8
jmetal 190 9,9952 27 77 55.98
jmetal 190 10,3561 23 73 56.52
jmetal 190 9,7232 24 70 50.54
jmetal 190 10,5231 26 66 57.61
jmetal 190 10,3332 23 62 53.26
jmetal 190 10,1621 24 59 52.72
jmetal 190 9,5891 23 55 52.72
jmetal 190 9,8014 26 51 54.35
jmetal 190 10,0635 24 119 51.63
jmetal 190 9,7571 25 116 53.8
jmetal 190 9,7096 24 112 55.43
jmetal 190 10,3341 32 108 54.35
jmetal 190 10,2111 27 105 54.89
jmetal 190 9,8102 32 101 57.61
jmetal 190 9,8775 38 97 57.07
jmetal 190 9,6582 33 94 55.98
jmetal 190 9,7536 31 90 54.89
jmetal 190 9,6329 24 86 53.26
jmetal 190 10,1305 27 82 52.72
jmetal 190 8,9000 31 79 51.09
jmetal 190 10,0274 29 75 57.07
jmetal 190 10,0402 29 71 53.8
jmetal 190 9,9578 29 68 54.35
jmetal 190 10,3975 29 64 56.52
jmetal 190 10,1324 29 60 53.26
jmetal 190 9,9529 24 57 52.72
jmetal 190 9,8499 23 53 55.43
jmetal 190 9,5570 26 122 50.54
jmetal 190 9,8192 23 119 57.07
jmetal 190 9,7548 23 115 54.89
jmetal 190 9,8813 24 111 54.35
jmetal 190 9,9987 25 107 53.8
jmetal 190 9,8668 23 104 52.17
jmetal 190 9,8489 23 100 53.8
jmetal 190 9,9319 23 96 53.8
jmetal 190 10,1850 24 93 56.52
jmetal 190 10,0692 21 89 57.07
jmetal 190 9,8807 26 85 54.89
jmetal 190 10,0915 22 82 57.07
jmetal 190 10,3009 23 78 57.07
jmetal 190 9,7269 24 74 53.8
jmetal 190 10,2407 25 71 54.89
jmetal 190 10,4342 22 67 57.07
jmetal 190 9,7854 24 63 54.35
jmetal 190 10,0286 25 59 52.72
jmetal 190 10,1002 26 56 52.72
jmetal 190 9,7975 23 52 51.09
jmetal 190 10,3170 26 121 51.63
jmetal 190 10,3630 25 118 58.7
jmetal 190 9,6304 23 114 53.26
jmetal 190 10,5519 23 110 56.52
jmetal 190 9,8418 26 107 57.61
jmetal 190 9,8173 23 103 52.72
jmetal 190 10,2736 28 99 53.26
jmetal 190 10,2768 32 95 57.61
jmetal 190 9,9800 27 92 53.26
jmetal 190 10,1318 24 88 54.35
jmetal 190 9,7307 25 84 54.89
jmetal 190 9,7450 27 81 55.98
jmetal 190 10,2826 25 77 53.26
jmetal 190 10,2394 24 73 54.89
jmetal 190 10,1525 27 69 53.8
jmetal 190 9,8630 24 66 53.26
jmetal 190 10,0118 29 62 57.61
jmetal 190 10,3926 35 58 54.35
jmetal 190 9,6415 42 55 53.8
jmetal 190 9,9357 44 51 59.24
jmetal 190 10,1673 25 120 55.43
jmetal 190 9,9216 34 116 55.43
jmetal 190 9,9755 31 112 56.52
jmetal 190 9,8109 31 109 50.0
jmetal 190 10,5000 32 105 52.72
jmetal 190 10,5907 28 101 55.43
jmetal 190 10,2162 33 97 57.07
jmetal 190 9,7452 34 94 59.24
jmetal 190 9,7863 33 90 53.26
jmetal 190 9,7471 37 86 55.43
jmetal 190 10,3891 29 83 55.98
jmetal 190 10,1026 28 79 51.63
jmetal 190 10,1018 31 75 54.35
jmetal 190 10,1979 41 72 53.26
jmetal 190 10,2287 45 68 51.63
jmetal 190 9,2807 44 64 53.26
jmetal 190 9,7167 281 61 52.72
jmetal 190 9,7419 70 57 54.35
jmetal 190 10,0290 31 53 53.26
jmetal 190 9,9548 36 122 53.26
jmetal 190 10,0748 24 118 54.35
jmetal 190 10,1148 30 115 54.89
jmetal 190 9,8662 24 111 49.46
jmetal 190 9,7780 27 107 55.43
jmetal 190 9,7036 23 104 53.26
jmetal 190 10,6006 28 100 57.61
jmetal 190 10,4628 24 96 59.78
jmetal 190 10,1742 23 92 52.72
jmetal 190 10,0097 23 89 53.26
jmetal 190 9,2173 25 85 55.43
jmetal 190 10,0001 26 81 50.0
jmetal 190 9,4873 24 78 52.17
jmetal 190 10,0240 24 74 54.89
jmetal 190 9,3505 26 70 51.09
jmetal 190 9,8799 23 66 54.35
jmetal 190 10,3393 24 63 54.89
jmetal 190 10,8660 23 59 53.8
jmetal 190 9,9784 22 55 57.61
jmetal 190 9,6507 21 52 53.26
jmetal 190 9,6128 25 121 56.52
jmetal 190 10,3016 30 117 59.78
jmetal 190 9,7801 25 113 50.54
jmetal 190 10,2724 33 110 57.07
jmetal 190 10,4804 33 106 60.33
jmetal 190 9,9486 31 102 54.89
jmetal 190 9,8321 24 99 58.15
jmetal 190 10,1997 24 95 58.7
jmetal 190 9,5255 25 91 54.89
jmetal 190 10,1270 25 88 55.43
jmetal 190 10,0159 23 84 54.89
jmetal 190 10,0023 24 80 57.61
jmetal 190 10,2793 24 77 55.98
jmetal 190 9,7896 31 73 55.43
jmetal 190 10,0437 30 69 55.43
jmetal 190 9,4859 30 65 53.8
jmetal 190 10,5914 31 62 56.52
jmetal 190 9,8046 25 58 53.26
jmetal 190 10,3916 25 54 54.89
jmetal 190 9,9421 27 51 56.52
jmetal 190 10,3359 24 119 55.98
jmetal 190 10,2038 36 116 54.35
jmetal 190 10,3057 37 112 56.52
jmetal 190 9,9797 26 108 54.35
jmetal 190 9,8400 25 105 54.35
jmetal 190 10,1489 28 101 57.07
jmetal 190 10,5269 24 97 56.52
jmetal 190 9,5769 23 94 47.83
jmetal 190 9,4491 23 90 52.17
jmetal 190 10,0297 28 86 54.89
jmetal 190 10,0023 25 83 55.98
jmetal 190 9,5075 23 79 54.89
jmetal 190 9,7561 22 75 54.89
jmetal 190 9,9623 26 71 51.63
jmetal 190 10,0391 24 68 58.7
jmetal 190 9,3638 23 64 52.17
jmetal 190 10,4535 22 60 53.8
jmetal 190 10,1263 23 57 55.43
jmetal 190 10,1714 23 53 55.98
jmetal 190 10,4666 32 49 52.72
jmetal 190 9,7105 40 120 49.46
jmetal 190 10,3658 37 116 52.72
jmetal 190 10,5276 25 112 53.26
jmetal 190 10,2441 32 109 57.61
jmetal 190 10,0333 33 105 55.43
jmetal 190 10,6500 35 101 58.7
jmetal 190 9,8805 32 97 53.8
jmetal 190 10,3564 26 94 56.52
jmetal 190 9,8852 28 90 54.35
jmetal 190 10,1812 31 86 53.8
jmetal 190 10,4056 33 83 53.8
jmetal 190 9,8547 33 79 52.17
jmetal 190 9,9067 33 75 53.26
jmetal 190 9,7395 40 71 54.35
jmetal 190 10,0283 42 68 55.98
jmetal 190 10,2530 40 64 54.35
jmetal 190 9,9842 55 60 55.98
jmetal 190 9,9161 67 56 51.09
jmetal 190 10,2594 45 53 55.43
jmetal 190 10,5773 25 49 56.52
jmetal 190 10,1813 28 119 57.61
jmetal 190 9,8631 31 116 53.8
jmetal 190 10,2465 25 112 54.35
jmetal 190 9,5951 25 108 53.26
jmetal 190 10,2014 29 105 54.89
jmetal 190 10,3232 28 101 58.7
jmetal 190 9,8491 33 97 55.43
jmetal 190 10,4488 28 94 57.07
jmetal 190 9,7059 33 90 51.63
jmetal 190 10,5660 26 86 54.35
jmetal 190 9,3400 30 82 52.17
jmetal 190 10,5423 32 79 56.52
jmetal 190 10,3729 33 75 57.07
jmetal 190 9,9776 28 71 57.07
jmetal 190 10,0032 44 68 54.89
jmetal 190 9,6241 35 64 55.43
jmetal 190 9,6501 31 60 52.72
jmetal 190 10,1270 36 57 53.8
jmetal 190 9,9259 32 53 53.26
jmetal 190 10,2871 27 49 51.09
jmetal 190 9,8237 31 120 52.72
jmetal 190 9,7901 35 116 53.26
jmetal 190 9,0384 30 112 52.17
jmetal 190 9,6016 31 109 51.63
jmetal 190 10,3061 28 105 57.07
jmetal 190 10,1187 30 101 55.98
jmetal 190 9,8703 28 97 54.35
jmetal 190 9,9872 26 94 51.63
jmetal 190 9,7974 24 90 52.17
jmetal 190 9,5873 27 86 51.09
jmetal 190 9,5841 29 83 56.52
jmetal 190 10,0167 32 79 57.07
jmetal 190 10,2001 25 75 58.7
jmetal 190 10,2069 30 71 56.52
jmetal 190 10,4320 24 68 56.52
jmetal 190 9,6631 30 64 52.72
jmetal 190 9,4036 24 60 56.52
jmetal 190 9,8547 42 57 58.15
jmetal 190 10,0467 30 53 55.43
jmetal 190 9,7156 27 49 53.26
jmetal 190 9,7370 29 119 53.26
jmetal 190 10,1668 33 116 54.35
jmetal 190 10,4176 30 112 59.78
jmetal 190 10,1984 30 109 54.35
jmetal 190 10,1355 27 105 58.15
jmetal 190 9,2509 34 101 53.26
jmetal 190 9,3485 27 97 52.17
jmetal 190 10,0912 36 94 58.15
jmetal 190 10,4948 30 90 57.07
jmetal 190 10,1683 25 86 58.7
jmetal 190 10,4796 34 83 55.98
jmetal 190 9,8868 31 79 53.8
jmetal 190 10,0066 25 75 59.24
jmetal 190 9,8032 27 71 51.63
jmetal 190 9,6411 25 68 54.35
jmetal 190 9,8377 32 64 59.24
jmetal 190 9,4750 29 61 50.0
jmetal 190 10,2143 33 57 54.89
jmetal 190 10,0109 32 53 53.26
jmetal 190 10,1371 30 49 57.07
jmetal 190 10,3053 38 120 57.61
jmetal 190 10,1120 25 116 54.35
jmetal 190 10,2715 26 112 59.24
jmetal 190 10,2377 32 108 56.52
jmetal 190 10,3204 34 105 55.98
jmetal 190 9,3129 26 101 49.46
jmetal 190 9,8766 38 98 56.52
jmetal 190 10,2119 26 94 55.98
jmetal 190 10,5598 30 90 51.63
jmetal 190 10,3105 31 86 57.07
jmetal 190 9,5725 26 83 55.43
jmetal 190 9,8906 31 79 54.35
jmetal 190 10,2409 35 75 55.98
jmetal 190 10,5851 44 72 59.78
jmetal 190 10,3032 33 68 58.15
jmetal 190 10,2266 30 64 55.98
jmetal 190 10,1437 37 61 54.89
jmetal 190 9,5667 26 57 53.26
jmetal 190 10,2485 44 53 52.72
jmetal 190 10,2007 32 50 57.61
jmetal 190 10,2832 25 119 52.17
jmetal 190 9,2719 40 116 55.43
jmetal 190 10,3898 31 112 56.52
jmetal 190 9,5289 25 108 52.17
jmetal 190 10,3836 38 104 55.98
jmetal 190 9,3361 24 101 54.89
jmetal 190 9,9039 30 97 54.35
jmetal 190 9,8413 33 93 55.43
jmetal 190 9,8391 31 90 53.8
jmetal 190 10,2080 26 86 52.72
jmetal 190 9,5744 32 82 55.43
jmetal 190 10,2016 27 79 57.07
jmetal 190 10,3310 31 75 53.26
jmetal 190 9,9299 23 71 57.07
jmetal 190 9,2563 30 68 56.52
jmetal 190 10,4932 35 64 57.07
jmetal 190 10,1196 29 60 56.52
jmetal 190 9,6196 34 57 51.09
jmetal 190 10,1639 26 53 51.63
jmetal 190 9,7202 27 49 53.26
jmetal 190 10,2583 29 119 59.24
jmetal 190 9,6257 28 116 51.63
jmetal 190 9,7853 39 112 55.98
jmetal 190 10,7219 32 108 54.35
jmetal 190 10,2054 27 105 55.98
jmetal 190 9,8605 35 101 58.7
jmetal 190 9,9949 28 97 56.52
jmetal 190 10,3216 25 94 53.8
jmetal 190 9,6669 33 90 50.54
jmetal 190 9,9552 28 86 56.52
jmetal 190 9,9546 38 82 52.72
jmetal 190 10,2994 26 79 57.07
jmetal 190 10,4327 47 75 57.61
jmetal 190 10,1129 39 71 55.98
jmetal 190 10,3568 32 68 56.52
jmetal 190 10,1497 30 64 52.17
jmetal 190 9,6705 35 60 53.8
jmetal 190 9,5438 29 57 59.24
jmetal 190 9,6830 32 53 56.52
jmetal 190 9,3433 33 123 54.89
jmetal 190 10,7549 37 119 59.78
jmetal 190 10,2246 30 115 58.15
jmetal 190 9,7482 33 112 51.09
jmetal 190 9,8039 26 108 52.72
jmetal 190 10,2528 31 104 54.89
jmetal 190 9,9467 30 101 53.8
jmetal 190 9,7966 29 97 54.89
jmetal 190 10,3958 28 93 54.35
jmetal 190 10,2873 29 90 53.8
jmetal 190 9,9864 27 86 57.07
jmetal 190 9,9594 32 82 51.09
jmetal 190 9,9405 25 79 53.26
jmetal 190 10,4923 27 75 54.89
jmetal 190 10,3522 30 71 55.43
jmetal 190 10,1989 29 68 53.26
jmetal 190 10,3739 43 64 53.26
jmetal 190 9,7896 34 60 52.17
jmetal 190 9,2904 31 57 53.8
jmetal 190 9,8328 21 53 53.8
jmetal 190 9,9338 32 49 48.91
jmetal 190 9,8540 23 119 53.8
jmetal 190 9,9567 26 116 55.43
jmetal 190 9,9588 30 112 53.26
jmetal 190 10,1518 27 108 54.89
jmetal 190 9,7687 24 105 54.89
jmetal 190 9,6328 31 101 54.35
jmetal 190 9,6710 28 97 52.17
jmetal 190 10,8321 24 94 55.98
jmetal 190 9,7763 24 90 57.07
jmetal 190 10,4340 22 86 55.43
jmetal 190 10,0996 24 83 53.26
jmetal 190 9,9076 22 79 52.72
jmetal 190 10,4403 23 75 54.89
jmetal 190 10,0333 25 72 52.17
jmetal 190 10,1146 28 68 54.89
jmetal 190 9,8381 24 64 51.63
jmetal 190 10,2013 35 61 56.52
jmetal 190 9,6141 26 57 52.72
jmetal 190 10,7272 37 53 57.61
jmetal 190 10,3889 27 49 59.24
jmetal 190 10,1790 31 120 56.52
jmetal 190 10,1561 35 116 54.35
jmetal 190 10,3006 30 112 58.15
jmetal 190 10,0828 34 109 50.54
jmetal 190 9,7679 23 105 52.17
jmetal 190 9,5552 31 101 54.89
jmetal 190 10,1399 28 98 55.43
jmetal 190 10,3322 30 94 59.24
jmetal 190 9,8939 29 90 52.72
jmetal 190 9,8227 32 86 54.89
jmetal 190 9,6629 27 83 52.72
jmetal 190 9,4571 39 79 57.61
jmetal 190 9,9315 41 75 55.43
jmetal 190 9,8876 43 72 58.15
jmetal 190 9,4737 30 68 57.61
jmetal 190 10,0837 28 64 48.91
jmetal 190 9,5481 32 60 54.35
jmetal 190 10,2832 31 57 57.07
jmetal 190 9,5952 35 53 52.72
jmetal 190 10,5017 35 49 57.61
jmetal 190 10,2278 34 120 54.89
jmetal 190 9,6070 32 116 55.98
jmetal 190 10,0602 37 112 54.89
jmetal 190 9,9044 28 109 58.15
jmetal 190 9,2416 26 105 54.89
jmetal 190 10,2832 28 101 52.17
jmetal 190 9,9876 26 97 58.7
jmetal 190 9,6672 30 94 50.0
jmetal 190 9,2727 28 90 49.46
jmetal 190 10,2265 32 86 54.35
jmetal 190 9,9699 28 83 55.98
jmetal 190 9,8482 28 79 56.52
jmetal 190 9,9994 27 75 55.43
jmetal 190 10,2699 27 72 55.43
jmetal 190 10,1387 29 68 53.8
jmetal 190 9,5653 28 64 52.72
jmetal 190 10,2108 49 60 60.33
jmetal 190 10,5308 35 57 54.89
jmetal 190 10,5863 68 53 55.98
jmetal 190 10,1628 53 49 54.89
jmetal 190 9,8516 38 120 56.52
jmetal 190 10,2681 41 116 54.89
jmetal 190 10,4837 52 112 57.61
jmetal 190 10,1621 40 109 54.89
jmetal 190 9,4490 37 105 53.8
jmetal 190 9,7373 44 101 52.17
jmetal 190 9,8259 38 97 57.07
jmetal 190 9,6267 34 94 54.35
jmetal 190 9,8695 37 90 51.63
jmetal 190 9,8436 38 86 52.72
jmetal 190 9,9971 38 83 54.35
jmetal 190 9,9764 36 79 54.89
jmetal 190 9,6579 41 75 57.07
jmetal 190 9,7141 36 72 52.72
jmetal 190 9,6177 27 68 53.26
jmetal 190 9,8860 42 64 51.63
jmetal 190 10,3374 29 60 54.89
jmetal 190 9,9756 31 57 53.8
jmetal 190 10,1269 27 53 57.07
jmetal 190 10,1760 33 50 55.98
jmetal 190 10,0892 33 119 58.15
jmetal 190 10,3698 23 116 57.61
jmetal 190 9,7994 30 112 52.17
jmetal 190 10,1976 33 108 53.26
jmetal 190 10,0891 35 104 55.43
jmetal 190 10,4064 31 101 52.72
jmetal 190 10,0023 29 97 58.7
jmetal 190 9,1476 29 93 57.07
jmetal 190 10,0815 36 90 55.43
jmetal 190 10,5973 24 86 57.61
jmetal 190 10,0364 26 82 56.52
jmetal 190 9,5798 24 78 54.89
jmetal 190 10,2399 30 75 55.43
jmetal 190 9,3107 32 71 56.52
jmetal 190 10,1430 26 67 53.26
jmetal 190 9,6251 27 64 54.89
jmetal 190 9,8210 26 60 53.8
jmetal 190 9,6570 28 56 51.63
jmetal 190 9,7765 36 52 54.89
jmetal 190 10,4305 28 49 56.52
jmetal 190 9,7209 28 120 54.89
jmetal 190 9,7933 27 116 51.63
jmetal 190 9,8872 27 112 55.98
jmetal 190 9,7097 31 108 52.17
jmetal 190 10,1148 26 105 54.35
jmetal 190 9,6048 28 101 53.8
jmetal 190 10,1112 28 97 52.72
jmetal 190 9,7572 26 94 55.43
jmetal 190 9,7359 31 90 53.8
jmetal 190 9,5850 28 86 51.09
jmetal 190 9,8591 33 83 58.15
jmetal 190 10,3668 33 79 52.17
jmetal 190 9,8417 26 75 55.98
jmetal 190 10,1005 31 71 54.89
jmetal 190 10,0267 25 68 57.61
jmetal 190 10,2194 23 64 51.09
jmetal 190 9,9183 25 60 54.89
jmetal 190 9,9236 24 57 52.17
jmetal 190 9,6937 24 53 58.7
jmetal 190 9,9013 24 49 56.52
jmetal 190 10,0648 33 119 53.8
jmetal 190 9,5235 23 116 53.26
jmetal 190 10,6363 25 112 55.43
jmetal 190 9,7507 36 108 58.7
jmetal 190 9,9060 27 105 55.98
jmetal 190 10,0914 30 101 57.61
jmetal 190 10,1710 24 97 58.7
jmetal 190 9,4449 24 93 52.72
jmetal 190 9,7389 27 90 51.63
jmetal 190 9,5105 24 86 58.7
jmetal 190 9,2484 27 82 53.8
jmetal 190 9,8360 24 79 57.07
jmetal 190 9,5538 26 75 54.35
jmetal 190 9,4337 24 71 51.63
jmetal 190 9,7177 24 67 52.17
jmetal 190 10,5551 23 64 55.43
jmetal 190 10,0295 26 60 51.63
jmetal 190 10,4694 25 56 55.98
jmetal 190 9,8651 24 53 57.61
jmetal 190 9,4072 23 49 54.35
jmetal 190 10,0782 26 119 52.72
jmetal 190 9,4041 23 116 52.17
jmetal 190 10,3145 23 112 53.8
jmetal 190 9,9384 23 108 55.98
jmetal 190 10,1989 25 105 55.43
jmetal 190 9,7860 41 101 53.26
jmetal 190 9,7971 24 97 52.72
jmetal 190 9,8663 24 94 53.8
jmetal 190 9,9257 24 90 50.0
jmetal 190 9,7123 26 86 54.89
jmetal 190 9,8636 26 82 53.8
jmetal 190 9,7996 23 79 54.35
jmetal 190 9,3781 24 75 53.8
jmetal 190 10,1413 23 71 58.7
jmetal 190 10,6650 23 68 54.89
jmetal 190 10,4437 22 64 55.43
jmetal 190 10,4076 25 60 55.43
jmetal 190 10,4318 24 57 54.35
jmetal 190 9,5943 22 53 52.17
jmetal 190 10,1999 24 49 54.89
jmetal 190 10,3170 25 120 52.72
jmetal 190 9,9245 25 116 54.89
jmetal 190 10,2577 25 112 54.89
jmetal 190 9,7220 24 108 48.37
jmetal 190 10,1371 26 105 56.52
jmetal 190 10,6077 23 101 57.61
jmetal 190 9,8155 23 97 55.43
jmetal 190 10,3751 24 94 54.35
jmetal 190 9,7336 24 90 51.09
jmetal 190 9,4047 22 86 57.07
jmetal 190 9,9518 23 83 55.43
jmetal 190 9,9231 23 79 57.07
jmetal 190 9,9349 23 75 55.43
jmetal 190 10,1960 29 71 54.89
jmetal 190 10,5689 23 68 49.46
jmetal 190 9,9998 29 64 54.35
jmetal 190 9,5643 31 60 52.17
jmetal 190 9,7071 24 56 51.09
jmetal 190 9,7498 25 53 54.35
jmetal 190 9,6955 24 49 58.15
jmetal 190 10,0331 23 119 52.72
jmetal 190 9,9609 22 116 54.35
jmetal 190 10,3395 25 112 54.35
jmetal 190 9,9919 22 108 52.72
jmetal 190 9,9051 25 104 53.8
jmetal 190 10,2214 24 101 52.72
jmetal 190 10,3596 33 97 58.7
jmetal 190 10,0660 31 93 57.61
jmetal 190 9,5681 28 90 56.52
jmetal 190 10,2734 32 86 53.8
jmetal 190 9,8907 24 82 52.72
jmetal 190 10,0183 23 79 57.07
jmetal 190 10,7317 24 75 60.87
jmetal 190 9,9830 22 71 55.43
jmetal 190 9,9230 25 68 55.43
jmetal 190 9,9419 24 64 53.26
jmetal 190 10,0873 23 60 58.15
jmetal 190 9,6385 23 56 55.98
jmetal 190 10,0104 26 53 55.43
jmetal 190 9,9875 24 123 54.89
jmetal 190 10,1441 26 119 57.61
jmetal 190 9,1067 25 115 55.43
jmetal 190 9,6952 22 112 53.8
jmetal 190 10,1991 22 108 55.43
jmetal 190 9,7944 39 104 55.43
jmetal 190 9,6954 44 101 53.8
jmetal 190 10,3655 24 97 51.09
jmetal 190 9,4878 30 93 52.17
jmetal 190 9,8321 26 89 54.35
jmetal 190 9,8915 30 86 57.61
jmetal 190 10,4566 25 82 52.17
jmetal 190 9,9967 32 78 53.8
jmetal 190 9,7766 24 75 55.43
jmetal 190 9,6986 24 71 55.98
jmetal 190 10,2460 23 67 54.89
jmetal 190 10,3779 23 64 55.43
jmetal 190 9,8867 22 60 55.43
jmetal 190 9,3982 24 56 55.43
jmetal 190 10,2782 24 53 55.98
jmetal 190 9,7426 26 123 59.24
jmetal 190 9,9993 23 119 56.52
jmetal 190 10,2010 43 116 55.98
jmetal 190 9,9368 24 112 51.09
jmetal 190 10,3414 25 108 57.61
jmetal 190 10,0532 24 104 52.17
jmetal 190 9,7398 25 101 59.24
jmetal 190 9,5628 28 97 54.35
jmetal 190 9,7632 26 93 54.35
jmetal 190 9,6468 25 90 52.17
jmetal 190 10,0768 25 86 52.72
jmetal 190 9,6277 24 82 55.43
jmetal 190 9,7513 23 79 51.63
jmetal 190 9,9450 23 75 55.43
jmetal 190 9,4550 24 71 52.17
jmetal 190 9,5760 28 68 53.8
jmetal 190 10,3012 23 64 53.26
jmetal 190 10,0060 22 60 58.7
jmetal 190 10,0993 23 56 51.09
jmetal 190 9,9520 23 53 54.89
jmetal 190 9,7423 24 49 51.09
jmetal 190 9,8719 23 119 57.07
jmetal 190 9,6303 25 116 52.17
jmetal 190 10,3025 24 112 58.15
jmetal 190 9,7991 24 108 54.89
jmetal 190 10,5709 23 105 57.07
jmetal 190 9,8987 26 101 50.54
jmetal 190 10,1712 21 97 54.89
jmetal 190 9,9379 22 93 54.89
jmetal 190 9,4847 22 90 55.43
jmetal 190 9,8134 26 86 52.72
jmetal 190 10,0261 22 82 56.52
jmetal 190 10,1258 22 79 53.26
jmetal 190 9,6515 22 75 53.8
jmetal 190 9,5050 25 71 57.61
jmetal 190 10,5939 25 67 59.24
jmetal 190 10,1401 24 64 56.52
jmetal 190 10,7031 23 60 60.33
jmetal 190 10,0691 24 56 53.8
jmetal 190 10,6408 23 53 54.35
jmetal 190 10,1768 24 123 52.72
jmetal 190 10,0120 24 119 55.43
jmetal 190 10,2738 26 116 54.35
jmetal 190 9,9171 24 112 52.72
jmetal 190 9,9985 23 108 52.72
jmetal 190 9,9381 23 105 55.98
jmetal 190 10,6102 23 101 57.07
jmetal 190 9,9334 22 97 57.07
jmetal 190 10,4987 25 94 57.07
jmetal 190 9,7558 23 90 56.52
jmetal 190 9,9248 25 86 54.89
jmetal 190 10,2940 22 82 59.24
jmetal 190 9,9888 23 79 54.35
jmetal 190 9,5943 26 75 56.52
jmetal 190 9,6613 25 71 58.15
jmetal 190 9,7009 23 68 57.07
jmetal 190 10,1845 22 64 50.54
jmetal 190 9,7172 22 60 52.17
jmetal 190 9,6909 23 57 54.35
jmetal 190 9,3265 24 53 51.09
jmetal 190 9,2763 23 49 52.72
jmetal 190 10,8163 22 119 56.52
jmetal 190 9,6143 23 116 53.8
jmetal 190 9,9480 23 112 55.98
jmetal 190 9,5744 27 108 55.43
jmetal 190 10,2939 23 105 53.26
jmetal 190 9,8650 24 101 54.35
jmetal 190 9,7158 23 97 51.09
jmetal 190 10,4573 23 93 54.35
jmetal 190 9,8794 22 90 55.43
jmetal 190 9,7787 22 86 54.89
jmetal 190 9,7224 24 82 53.8
jmetal 190 9,8692 25 79 52.72
jmetal 190 9,4245 23 75 53.26
jmetal 190 10,2897 23 71 57.61
jmetal 190 9,8324 25 68 53.8
jmetal 190 9,9200 25 64 56.52
jmetal 190 10,5412 24 60 57.07
jmetal 190 10,0353 23 56 56.52
jmetal 190 10,4986 25 53 58.15
jmetal 190 10,2203 23 49 53.8
jmetal 190 9,6914 24 120 57.61
jmetal 190 10,2221 23 116 54.89
jmetal 190 9,8055 23 112 53.26
jmetal 190 9,5567 22 108 56.52
jmetal 190 9,8737 24 105 56.52
jmetal 190 10,0842 23 101 58.15
jmetal 190 10,3482 24 97 55.43
jmetal 190 10,8345 25 94 58.7
jmetal 190 10,0874 24 90 56.52
jmetal 190 9,8858 24 86 53.26
jmetal 190 9,7240 25 82 52.72
jmetal 190 9,6240 23 79 54.35
jmetal 190 9,9480 24 75 51.63
jmetal 190 9,4673 23 71 55.98
jmetal 190 10,1273 22 68 58.7
jmetal 190 10,3098 22 64 57.07
jmetal 190 9,5491 23 60 51.63
jmetal 190 9,7101 23 57 50.0
jmetal 190 9,7771 24 53 57.61
jmetal 190 10,7072 22 49 54.89
jmetal 190 10,1914 26 120 50.54
jmetal 190 10,1745 26 116 57.07
jmetal 190 10,3203 25 112 50.54
jmetal 190 9,8630 22 109 53.8
jmetal 190 9,6390 25 105 52.72
jmetal 190 9,9690 24 101 55.98
jmetal 190 10,2786 24 97 55.98
jmetal 190 10,6379 23 94 56.52
jmetal 190 10,0119 23 90 53.8
jmetal 190 9,5803 22 86 54.89
jmetal 190 9,3321 28 83 51.63
jmetal 190 9,5621 22 79 55.43
jmetal 190 10,0183 23 75 53.8
jmetal 190 9,6687 24 71 53.26
jmetal 190 9,9304 27 68 53.26
jmetal 190 10,0472 29 64 54.35
jmetal 190 9,8770 27 60 54.89
jmetal 190 9,9903 24 57 52.17
jmetal 190 10,0121 24 53 52.17
jmetal 190 9,7819 23 49 51.63
jmetal 190 10,1701 24 120 53.26
jmetal 190 9,9072 23 116 54.35
jmetal 190 9,5064 24 112 54.89
jmetal 190 10,5142 22 108 54.89
jmetal 190 9,5166 23 105 56.52
jmetal 190 10,0067 23 101 53.8
jmetal 190 9,9240 25 97 54.89
jmetal 190 9,6628 22 94 55.43
jmetal 190 9,7312 22 90 50.54
jmetal 190 10,5930 24 86 52.72
jmetal 190 9,6406 24 82 54.89
jmetal 190 9,8424 23 79 55.98
jmetal 190 10,3100 23 75 59.24
jmetal 190 10,0420 22 71 55.98
jmetal 190 9,9382 26 67 52.17
jmetal 190 10,5689 23 64 53.8
jmetal 190 9,4489 23 60 55.43
jmetal 190 10,1619 23 56 55.43
jmetal 190 10,0830 23 53 56.52
jmetal 190 9,6684 25 123 55.98
jmetal 190 9,9168 23 119 52.72
jmetal 190 9,2682 22 116 51.63
jmetal 190 10,0767 26 112 57.61
jmetal 190 10,5698 26 108 56.52
jmetal 190 9,8343 27 104 50.54
jmetal 190 10,4633 34 101 54.35
jmetal 190 9,2714 22 97 48.37
jmetal 190 10,6889 22 93 57.61
jmetal 190 9,6718 22 90 54.89
jmetal 190 10,0391 23 86 58.15
jmetal 190 9,6908 22 82 53.26
jmetal 190 10,1829 23 79 57.07
jmetal 190 9,5807 22 75 57.61
jmetal 190 9,4961 24 71 51.09
jmetal 190 10,3666 23 67 55.43
jmetal 190 10,3417 25 64 56.52
jmetal 190 10,0661 22 60 54.89
jmetal 190 10,0942 23 56 56.52
jmetal 190 9,6378 22 53 58.15
jmetal 190 9,9719 23 123 54.89
jmetal 190 9,8993 23 119 59.24
jmetal 190 10,0381 27 115 52.72
jmetal 190 10,0746 21 112 53.26
jmetal 190 10,5386 23 108 55.43
jmetal 190 10,0584 23 104 59.24
jmetal 190 10,0648 23 101 49.46
jmetal 190 10,3826 25 97 60.33
jmetal 190 9,3648 23 93 48.91
jmetal 190 10,5067 23 90 53.8
jmetal 190 9,8416 26 86 56.52
jmetal 190 9,9116 31 82 56.52
jmetal 190 9,6946 27 79 56.52
jmetal 190 10,1499 31 75 57.07
jmetal 190 10,0832 24 71 53.26
jmetal 190 9,9432 22 67 53.8
jmetal 190 9,7743 26 64 53.8
jmetal 190 9,6048 22 60 53.8
jmetal 190 9,6526 24 56 51.09
jmetal 190 10,0191 22 53 54.89
jmetal 190 10,2557 25 123 53.8
jmetal 190 10,0623 22 119 55.43
jmetal 190 9,6016 24 115 58.15
jmetal 190 9,5390 24 112 54.89
jmetal 190 10,7227 23 108 57.61
jmetal 190 10,2990 23 104 53.8
jmetal 190 10,4871 23 101 58.15
jmetal 190 9,5292 23 97 52.17
jmetal 190 10,0893 24 93 51.63
jmetal 190 9,7728 22 89 57.07
jmetal 190 10,2030 23 86 53.26
jmetal 190 10,4559 22 82 55.43
jmetal 190 10,3407 25 78 52.17
jmetal 190 10,2639 23 75 53.8
jmetal 190 10,2300 24 71 57.07
jmetal 190 10,1917 23 67 51.63
jmetal 190 10,4886 23 64 56.52
jmetal 190 10,2458 30 60 56.52
jmetal 190 10,5991 27 56 54.35
jmetal 190 9,9737 25 52 57.07
jmetal 190 10,1157 25 123 51.63
jmetal 190 9,7052 23 119 53.26
jmetal 190 9,8739 23 115 53.8
jmetal 190 10,4021 22 112 52.17
jmetal 190 10,1473 23 108 54.35
jmetal 190 9,8864 23 104 52.17
jmetal 190 9,9508 24 101 54.89
jmetal 190 9,9174 25 97 56.52
jmetal 190 9,1701 23 93 52.72
jmetal 190 10,2396 23 90 53.26
jmetal 190 10,1525 23 86 58.15
jmetal 190 10,2955 23 82 54.35
jmetal 190 9,6119 23 79 52.72
jmetal 190 10,3258 23 75 52.72
jmetal 190 9,7387 23 71 51.09
jmetal 190 9,4938 23 68 53.26
jmetal 190 9,7376 29 64 56.52
jmetal 190 9,8572 24 60 52.17
jmetal 190 10,7248 24 56 60.33
jmetal 190 9,8086 23 53 55.43
jmetal 190 10,1398 24 49 58.15
jmetal 190 10,1092 22 119 55.43
jmetal 190 10,2106 24 116 52.72
jmetal 190 10,7384 22 112 58.7
jmetal 190 10,6680 28 108 59.78
jmetal 190 10,2762 33 105 54.35
jmetal 190 9,8894 30 101 52.17
jmetal 190 9,4824 46 97 52.17
jmetal 190 9,9682 41 94 54.35
jmetal 190 9,9013 44 90 55.98
jmetal 190 9,9153 25 86 52.72
jmetal 190 9,6710 33 83 50.0
jmetal 190 10,0170 25 79 56.52
jmetal 190 9,5390 27 75 54.89
jmetal 190 10,0894 30 71 55.43
jmetal 190 10,0006 29 68 57.07
jmetal 190 9,9783 29 64 57.07
jmetal 190 9,8978 29 60 58.15
jmetal 190 10,0381 26 57 55.98
jmetal 190 9,9920 33 53 55.98
jmetal 190 10,0034 37 49 54.35
jmetal 190 10,1458 29 120 52.17
jmetal 190 10,4443 31 116 56.52
jmetal 190 10,1051 22 112 52.72
jmetal 190 9,4037 22 109 53.26
jmetal 190 9,9567 26 105 57.61
jmetal 190 9,9508 29 101 55.43
jmetal 190 10,0932 24 97 54.35
jmetal 190 9,9767 26 94 54.35
jmetal 190 9,6383 23 90 55.43
jmetal 190 9,6181 24 86 53.8
jmetal 190 10,7644 23 83 54.89
jmetal 190 9,8741 23 79 50.54
jmetal 190 9,8287 24 75 51.63
jmetal 190 9,7051 24 72 53.8
jmetal 190 10,3093 22 68 55.98
jmetal 190 9,7695 27 64 56.52
jmetal 190 10,0164 23 61 55.43
jmetal 190 10,0198 23 57 53.8
jmetal 190 10,2555 22 53 59.24
jmetal 190 10,3359 23 49 60.87
jmetal 190 10,1714 25 120 50.54
jmetal 190 10,0121 22 116 56.52
jmetal 190 10,0930 22 112 58.7
jmetal 190 9,6775 30 108 54.35
jmetal 190 10,1969 23 105 55.98
jmetal 190 9,7873 23 101 53.8
jmetal 190 9,5647 24 97 54.35
jmetal 190 10,3407 23 94 57.07
jmetal 190 9,9662 39 90 54.89
jmetal 190 9,9863 32 86 52.72
jmetal 190 10,3651 25 82 53.8
jmetal 190 10,0591 23 79 54.35
jmetal 190 10,2175 24 75 55.43
jmetal 190 10,2326 23 71 52.17
jmetal 190 9,2892 24 68 50.54
jmetal 190 10,0251 23 64 58.15
jmetal 190 9,9423 24 60 55.43
jmetal 190 10,3581 22 57 54.89
jmetal 190 9,9087 25 53 54.89
jmetal 190 10,2513 23 49 52.17
jmetal 190 9,8060 23 120 52.72
jmetal 190 10,5697 22 116 56.52
jmetal 190 9,6263 23 112 53.26
jmetal 190 9,5799 22 108 52.17
jmetal 190 10,2102 24 105 55.43
jmetal 190 10,6495 22 101 57.07
jmetal 190 9,1260 30 97 54.89
jmetal 190 10,4965 36 94 59.78
jmetal 190 10,1040 27 90 54.89
jmetal 190 10,0156 31 86 55.43
jmetal 190 10,6121 27 82 55.98
jmetal 190 9,7452 37 79 57.61
jmetal 190 10,2424 32 75 57.61
jmetal 190 9,7033 22 71 55.98
jmetal 190 9,8181 25 68 57.07
jmetal 190 10,1148 23 64 53.8
jmetal 190 10,3001 25 60 57.61
jmetal 190 10,2604 30 57 53.8
jmetal 190 9,6963 24 53 54.35
jmetal 190 10,0036 28 49 53.8
jmetal 190 10,8282 22 119 59.24
jmetal 190 10,2551 23 116 57.61
jmetal 190 9,7422 23 112 55.43
