                   Packages Classes Attrs Meths PMeths       NAC
jedit-2.3.2.jar           1      22    38    89     62  1.767083
jedit-2.3.3.jar           1      22    38    89     62  1.767083
jedit-2.3.4.jar           1      22    38    89     62  1.767083
jedit-2.3.5.jar           1      22    38    88     62  1.767083
jedit-2.3.6.jar           1      22    38    88     62  1.767083
jedit-2.3.7.jar           1      22    38    88     62  1.767083
jedit-2.3.f.jar           1      22    38    88     62  1.767083
jedit-2.4.1.jar           1      22    38    88     62  1.767083
jedit-2.4.2.jar           1      22    38    88     62  1.767083
jedit-2.4.f.jar           1      22    38    88     62  1.767083
jedit-2.5.1.jar           1      28    50   129     75  2.249014
jedit-2.5.f.jar           1      28    50   128     75  2.249014
jedit-2.6.f.jar           1      27    49   125     73  2.168692
jedit-3.0.0.jar          14     415   654  3406   2002 11.648497
jedit-3.0.1.jar          14     417   658  3436   2023 11.729399
jedit-3.0.2.jar          14     417   658  3436   2023 11.729399
jedit-3.1.0.jar          14     440   700  3555   2094 12.425614
jedit-3.2.0.jar          16     508   828  4098   2368 13.929104
jedit-3.2.1.jar          16     508   828  4100   2370 13.929104
jedit-3.2.2.jar          16     508   825  4102   2371 13.929104
jedit-4.0.0.jar          19     606  1003  4823   2821 16.373628
jedit-4.0.2.jar          19     606  1003  4825   2821 16.373628
jedit-4.0.3.jar          19     606  1003  4825   2822 16.373628
jedit-4.1.0.jar          20     644   477  5014   2990 16.720833
jedit-4.2.0.jar          23     805  1425  6110   3630 19.614829
jedit-4.3.0.jar          29    1132  2263  7990   4936 25.672608
jedit-4.3.1.jar          29    1132  2263  7992   4938 25.672608
jedit-4.3.2.jar          29    1132  2263  7998   4939 25.672608
jedit-4.3.3.jar          29    1132  2263  7999   4940 25.672608
jedit-4.4.1.jar          29    1193  2417  8186   5081 27.416550
jedit-4.4.2.jar          29    1194  2420  8193   5084 27.431420
jedit-4.5.0.jar          30    1216  2440  8271   5098 27.627659
jedit-4.5.1.jar          30    1218  2444  8294   5114 27.660145
jedit-4.5.2.jar          30    1220  2448  8304   5117 27.719305
jedit-5.0.0.jar          34    1267  2555  8638   5279 28.390173
jedit-5.1.0.jar          35    1266  2541  8686   5298 28.072684
jedit-5.2.0.jar          35    1277  2569  8771   5360 28.465765
jedit-5.3.0.jar          35    1289  2601  8843   5395 28.841428
jedit-5.4.0.jar          35    1355  2776  9206   5618 29.645270
jedit-5.5.0.jar          35    1366  2804  9277   5668 29.837827
jhotdraw-5.2.0.jar       11     191   218  1548   1230  6.067605
jhotdraw-5.3.0.jar       11     273   111  2361   1834  9.375350
jhotdraw-5.4.1.jar       17     391   544  3346   2560 11.567046
jhotdraw-5.4.2.jar       17     398   560  3432   2593 11.736844
jhotdraw-6.0.1.jar       17     398   560  3432   2593 11.736844
jhotdraw-7.0.6.jar       16     320   661  2760   2169 12.532388
jhotdraw-7.0.7.jar       16     333   694  2812   2200 12.822866
jhotdraw-7.0.8.jar       16     379   765  3288   2600 13.861158
jhotdraw-7.0.9.jar       17     431   883  3597   2837 16.149975
jhotdraw-7.1.0.jar       47    1149  2162 10026   6226 27.629221
jhotdraw-7.2.0.jar       20     391   376  3729   2985 16.772479
jhotdraw-7.3.0.jar       56    1231  1922 11048   6856 28.434303
jhotdraw-7.3.1.jar       56    1233  1923 11078   6875 28.478368
jhotdraw-7.4.1.jar       65    1186  1866 10716   6585 24.299429
jhotdraw-7.5.1.jar       68    1193  2029 10855   6663 24.135003
jhotdraw-7.6.0.jar       67    1195  1990 10951   6748 24.158558