cycle;instance;nclasses;n1;n2;n3;n4;p1;p2;p3;p4;mojo;evals;tempo
2;apache_zip 36C.odem;36;2.5;0.0;1.5;0.5;10; 5; 8; 6;100.0;1;67
3;apache_zip 36C.odem;36;-2.5;0.5;-1.5;-1.5;0; 6; 2; 2;100.0;17;240
1;apache_zip 36C.odem;36;-1.0;0.0;-2.0;-0.5;3; 5; 1; 4;100.0;30;346
6;apache_zip 36C.odem;36;2.5;-1.0;-1.0;-2.0;10; 3; 3; 1;100.0;9;133
7;apache_zip 36C.odem;36;2.5;-0.5;1.5;0.5;10; 4; 8; 6;100.0;41;233
0;apache_zip 36C.odem;36;2.0;-1.5;2.0;1.0;9; 2; 9; 7;100.0;69;588
9;apache_zip 36C.odem;36;2.5;0.0;2.5;1.5;10; 5; 10; 8;100.0;23;154
8;apache_zip 36C.odem;36;1.0;-2.0;2.5;1.5;7; 1; 10; 8;100.0;49;404
4;apache_zip 36C.odem;36;-2.5;1.0;-1.0;-1.0;0; 7; 3; 3;100.0;140;816
0;forms-1.3.0 68C.odem;68;-2.0;0.0;-1.0;-1.5;1; 5; 3; 2;100.0;18;639
5;apache_zip 36C.odem;36;-0.5;1.5;-0.5;-0.5;4; 8; 4; 4;100.0;122;1037
2;forms-1.3.0 68C.odem;68;-1.5;1.0;-1.0;-0.5;2; 7; 3; 4;100.0;80;2471
1;forms-1.3.0 68C.odem;68;-0.5;-0.5;-1.0;-1.0;4; 4; 3; 3;100.0;82;2567
7;forms-1.3.0 68C.odem;68;2.5;0.0;2.0;1.0;10; 5; 9; 7;100.0;33;1308
2;dom4j-1.5.2 195C.odem;195;2.0;0.0;1.0;1.0;9; 5; 7; 7;100.0;7;4862
0;jnanoxml 25C.odem;25;-1.5;0.0;-2.0;-2.0;2; 5; 1; 1;100.0;54;26
1;joda-money 26C.odem;26;-0.5;-0.5;-2.5;-0.5;4; 4; 0; 4;100.0;88;467
2;joda-money 26C.odem;26;0.5;0.5;2.5;0.5;6; 6; 10; 6;100.0;104;504
5;jnanoxml 25C.odem;25;-0.5;0.0;-2.0;-1.5;4; 5; 1; 2;100.0;59;483
0;joda-money 26C.odem;26;-2.0;0.5;-1.5;-0.5;1; 6; 2; 4;100.0;102;502
4;jnanoxml 25C.odem;25;-1.0;-0.5;-1.0;-1.0;3; 4; 3; 3;100.0;74;507
4;joda-money 26C.odem;26;-0.5;1.0;-2.5;-1.0;4; 7; 0; 3;100.0;134;1010
3;jstl-1.0.6 18C.odem;18;2.5;0.0;1.0;0.5;10; 5; 7; 6;100.0;313;769
4;forms-1.3.0 68C.odem;68;1.0;-0.5;2.0;1.0;7; 4; 9; 7;100.0;149;7885
0;jstl-1.0.6 18C.odem;18;0.5;-0.5;2.0;1.5;6; 4; 9; 8;100.0;466;1241
5;joda-money 26C.odem;26;1.0;0.0;1.5;0.5;7; 5; 8; 6;100.0;192;1289
7;joda-money 26C.odem;26;2.5;0.5;2.5;1.5;10; 6; 10; 8;100.0;122;1226
3;jnanoxml 25C.odem;25;-1.0;0.5;-2.0;-1.0;3; 6; 1; 3;100.0;449;2168
7;jnanoxml 25C.odem;25;2.0;0.0;2.5;2.5;9; 5; 10; 10;100.0;292;1851
5;forms-1.3.0 68C.odem;68;-1.5;0.5;-2.0;-1.5;2; 6; 1; 2;100.0;157;9212
2;javaocr 59C.odem;59;0.5;0.5;1.0;0.5;6; 6; 7; 6;100.0;191;8259
1;jnanoxml 25C.odem;25;2.0;0.5;2.0;1.0;9; 6; 9; 7;100.0;584;3789
6;joda-money 26C.odem;26;-1.0;0.5;-2.5;-1.5;3; 6; 0; 2;100.0;460;3916
6;jnanoxml 25C.odem;25;1.0;0.5;2.0;2.0;7; 6; 9; 9;100.0;518;4493
2;jnanoxml 25C.odem;25;-1.0;-0.5;-1.5;-0.5;3; 4; 2; 4;100.0;675;5253
4;jstl-1.0.6 18C.odem;18;2.0;0.5;1.0;0.5;9; 6; 7; 6;100.0;1451;5002
8;joda-money 26C.odem;26;-0.5;-0.5;-2.5;-1.0;4; 4; 0; 3;100.0;441;4392
4;jxls-reader 27C.odem;27;0.5;-0.5;2.0;1.0;6; 4; 9; 7;100.0;100;1318
2;jxls-reader 27C.odem;27;2.5;-0.5;1.0;1.5;10; 4; 7; 8;100.0;147;1656
4;jscatterplot 74C.odem;74;-1.0;2.5;-1.5;-0.5;3; 10; 2; 4;100.0;41;5496
0;notepad-model 46C.odem;46;-0.5;2.5;-1.5;1.0;4; 10; 2; 7;100.0;1;2
5;notepad-model 46C.odem;46;-1.5;1.0;-2.5;1.5;2; 7; 0; 8;100.0;1;2
6;notepad-model 46C.odem;46;2.0;-0.5;-1.0;0.5;9; 4; 3; 6;100.0;1;2
1;notepad-model 46C.odem;46;-1.0;2.5;-2.5;1.5;3; 10; 0; 8;100.0;1;2
7;notepad-model 46C.odem;46;-1.0;-0.5;-1.0;0.0;3; 4; 3; 5;100.0;1;2
8;notepad-model 46C.odem;46;-0.5;-1.5;0.5;1.0;4; 2; 6; 7;100.0;1;2
9;notepad-model 46C.odem;46;2.5;2.5;2.5;2.5;10; 10; 10; 10;100.0;1;3
4;notepad-model 46C.odem;46;1.5;-1.0;0.0;-1.0;8; 3; 5; 3;100.0;1;2
5;jstl-1.0.6 18C.odem;18;2.5;0.0;1.0;1.0;10; 5; 7; 7;100.0;1608;5202
8;jstl-1.0.6 18C.odem;18;0.5;0.0;2.0;1.5;6; 5; 9; 8;100.0;95;18
3;jxls-reader 27C.odem;27;2.5;0.5;2.0;1.5;10; 6; 9; 8;100.0;176;2419
3;notepad-model 46C.odem;46;-1.0;-2.0;-2.5;-0.5;3; 1; 0; 4;100.0;1;247
2;notepad-model 46C.odem;46;-1.0;0.5;0.5;1.5;3; 6; 6; 8;100.0;1;247
9;jstl-1.0.6 18C.odem;18;0.5;0.0;2.0;2.5;6; 5; 9; 10;100.0;556;1504
0;jxls-reader 27C.odem;27;2.5;-0.5;2.5;1.0;10; 4; 10; 7;100.0;227;3978
1;jstl-1.0.6 18C.odem;18;-2.5;2.0;-1.0;-1.5;0; 9; 3; 2;92.86;2000;7844
6;jstl-1.0.6 18C.odem;18;2.5;1.0;2.0;1.0;10; 7; 9; 7;100.0;1887;6686
2;jstl-1.0.6 18C.odem;18;-2.0;0.5;-2.5;-2.5;1; 6; 0; 0;92.86;2000;8024
5;jxls-reader 27C.odem;27;-1.0;-1.0;-1.5;-1.0;3; 3; 2; 3;100.0;205;3368
1;jxls-reader 27C.odem;27;0.5;0.0;2.0;1.0;6; 5; 9; 7;100.0;305;4715
9;jnanoxml 25C.odem;25;-0.5;0.5;-2.5;-2.0;4; 6; 0; 1;100.0;620;6537
8;jnanoxml 25C.odem;25;1.5;0.5;2.5;2.0;8; 6; 10; 9;100.0;653;7229
8;jxls-reader 27C.odem;27;-2.0;0.0;-2.5;-1.5;1; 5; 0; 2;100.0;101;1784
2;seemp 31C.odem;31;-2.5;-1.0;-2.5;-1.0;0; 3; 0; 3;100.0;22;29
5;seemp 31C.odem;31;0.5;0.0;1.0;1.0;6; 5; 7; 7;100.0;46;307
1;seemp 31C.odem;31;-0.5;0.0;-2.5;-0.5;4; 5; 0; 4;100.0;28;27
0;jfluid-1.7.0 82C.odem;82;2.0;0.5;1.0;1.0;9; 6; 7; 7;100.0;56;13356
7;jxls-reader 27C.odem;27;-1.5;0.5;-2.5;-1.0;2; 6; 0; 3;100.0;344;6067
9;jxls-reader 27C.odem;27;0.5;-0.5;1.5;0.5;6; 4; 8; 6;100.0;348;4391
4;udt-java 56C.odem;56;2.5;0.0;2.0;2.0;10; 5; 9; 9;100.0;27;2375
0;seemp 31C.odem;31;2.5;-1.0;1.0;0.5;10; 3; 7; 6;100.0;247;3030
6;jxls-reader 27C.odem;27;2.0;0.0;2.5;1.5;9; 5; 10; 8;100.0;480;8342
7;seemp 31C.odem;31;1.0;-0.5;2.0;1.5;7; 4; 9; 8;100.0;177;3270
9;seemp 31C.odem;31;2.0;-2.0;2.0;1.0;9; 1; 9; 7;100.0;9;62
6;seemp 31C.odem;31;1.5;-1.5;2.5;1.0;8; 2; 10; 7;100.0;204;3985
3;joda-money 26C.odem;26;-1.0;0.5;-1.5;-1.0;3; 6; 2; 3;100.0;1211;15257
7;jstl-1.0.6 18C.odem;18;-1.5;-0.5;-1.5;-1.5;2; 4; 2; 2;92.86;2004;10529
3;servletapi-2.3 63C.odem;63;2.5;0.5;2.0;1.5;10; 6; 9; 8;100.0;36;4458
4;seemp 31C.odem;31;2.5;-2.0;2.0;1.5;10; 1; 9; 8;100.0;370;5527
9;joda-money 26C.odem;26;0.5;0.5;1.5;1.0;6; 6; 8; 7;100.0;1139;15732
3;seemp 31C.odem;31;1.0;-0.5;1.5;0.5;7; 4; 8; 6;100.0;470;7163
5;udt-java 56C.odem;56;1.0;-0.5;2.0;1.0;7; 4; 9; 7;100.0;53;7399
3;jscatterplot 74C.odem;74;2.0;-1.0;1.0;0.5;9; 3; 7; 6;100.0;94;23748
6;forms-1.3.0 68C.odem;68;-2.5;-0.5;-1.0;-0.5;0; 4; 3; 4;100.0;239;28909
3;forms-1.3.0 68C.odem;68;-2.5;0.0;-2.0;-2.5;0; 5; 1; 0;100.0;278;31974
8;seemp 31C.odem;31;-1.5;-0.5;-1.5;-0.5;2; 4; 2; 4;100.0;543;12563
0;servletapi-2.3 63C.odem;63;2.5;1.0;1.0;0.5;10; 7; 7; 6;100.0;96;15738
3;javaocr 59C.odem;59;2.0;1.0;2.5;1.0;9; 7; 10; 7;100.0;377;34706
1;javaocr 59C.odem;59;1.5;-0.5;2.5;1.0;8; 4; 10; 7;100.0;420;35900
3;udt-java 56C.odem;56;1.5;0.5;1.5;2.0;8; 6; 8; 9;100.0;203;19321
2;udt-java 56C.odem;56;-1.0;1.0;-2.0;-2.5;3; 7; 1; 0;100.0;176;19861
3;jdendogram 177C.odem;177;0.5;0.0;2.0;2.0;6; 5; 9; 9;100.0;16;34867
8;forms-1.3.0 68C.odem;68;2.0;0.0;2.0;0.5;9; 5; 9; 6;100.0;240;38601
8;udt-java 56C.odem;56;0.5;0.0;1.0;1.5;6; 5; 7; 8;100.0;52;4991
7;udt-java 56C.odem;56;1.5;0.5;2.0;2.5;8; 6; 9; 10;100.0;67;7031
1;udt-java 56C.odem;56;-2.0;0.0;-2.0;-2.0;1; 5; 1; 1;100.0;235;28621
6;javaocr 59C.odem;59;-0.5;-0.5;-2.5;-2.0;4; 4; 0; 1;100.0;82;10611
5;javaocr 59C.odem;59;-1.5;0.0;-2.5;-2.0;2; 5; 0; 1;100.0;283;37187
0;udt-java 56C.odem;56;-1.0;0.0;-2.5;-1.0;3; 5; 0; 3;100.0;301;31977
2;jscatterplot 74C.odem;74;-1.5;2.5;-1.0;-0.5;2; 10; 3; 4;100.0;171;43501
4;jfluid-1.7.0 82C.odem;82;-1.0;-0.5;-1.5;-1.0;3; 4; 2; 3;100.0;170;47307
6;servletapi-2.3 63C.odem;63;2.0;0.0;1.0;0.5;9; 5; 7; 6;100.0;160;20338
4;pfcda_base 67C.odem;67;1.5;-0.5;1.0;1.0;8; 4; 7; 7;100.0;252;44674
1;pfcda_base 67C.odem;67;2.5;0.5;2.0;2.5;10; 6; 9; 10;100.0;270;49958
9;forms-1.3.0 68C.odem;68;-2.0;0.0;-2.5;-2.0;1; 5; 0; 1;100.0;313;57902
6;udt-java 56C.odem;56;0.5;1.0;1.5;2.0;6; 7; 8; 9;100.0;372;38981
1;jdendogram 177C.odem;177;1.0;-2.5;1.0;1.0;7; 0; 7; 7;100.0;25;64821
1;JPassword 96C.odem;96;2.5;0.0;1.5;0.5;10; 5; 8; 6;100.0;146;63071
7;jscatterplot 74C.odem;74;-1.0;1.5;-2.0;-1.5;3; 8; 1; 2;100.0;93;22970
9;udt-java 56C.odem;56;2.0;-0.5;2.0;2.0;9; 4; 9; 9;100.0;329;33914
0;gae_plugin_core 140C.odem;140;-2.5;0.0;-1.0;-0.5;0; 5; 3; 4;100.0;69;80270
3;jfluid-1.7.0 82C.odem;82;-0.5;0.0;-2.0;-2.0;4; 5; 1; 1;100.0;276;88138
7;javaocr 59C.odem;59;0.5;-0.5;1.5;1.0;6; 4; 8; 7;100.0;492;58169
7;servletapi-2.3 63C.odem;63;1.0;-0.5;1.0;0.5;7; 4; 7; 6;100.0;315;44228
4;servletapi-2.3 63C.odem;63;1.0;-0.5;2.5;1.0;7; 4; 10; 7;100.0;586;81319
5;servletapi-2.3 63C.odem;63;0.5;0.0;1.5;1.0;6; 5; 8; 7;100.0;616;82172
0;jxls-core 83C.odem;83;1.5;0.0;2.0;1.0;8; 5; 9; 7;100.0;311;99719
2;servletapi-2.3 63C.odem;63;2.5;0.0;2.0;1.5;10; 5; 9; 8;100.0;695;91922
6;jfluid-1.7.0 82C.odem;82;1.0;0.5;1.5;1.0;7; 6; 8; 7;100.0;213;60832
3;jxls-core 83C.odem;83;2.0;1.0;2.5;1.0;9; 7; 10; 7;100.0;377;120474
5;jscatterplot 74C.odem;74;-0.5;1.0;-2.0;-1.0;4; 7; 1; 3;100.0;569;125065
3;xmldom 119C.odem;119;1.0;0.0;1.0;1.0;7; 5; 7; 7;100.0;139;122114
0;jscatterplot 74C.odem;74;-1.5;2.5;-2.0;-1.5;2; 10; 1; 2;100.0;601;133563
0;javacc 154C.odem;154;2.5;0.5;1.0;1.0;10; 6; 7; 7;100.0;82;144051
0;javaocr 59C.odem;59;0.5;0.0;2.0;1.5;6; 5; 9; 8;100.0;1457;153971
1;servletapi-2.3 63C.odem;63;2.5;-1.0;1.0;0.5;10; 3; 7; 6;100.0;1108;142787
4;jdendogram 177C.odem;177;2.5;-0.5;1.0;1.0;10; 4; 7; 7;100.0;63;163478
6;pfcda_base 67C.odem;67;1.5;-0.5;2.5;1.0;8; 4; 10; 7;100.0;635;104848
7;jfluid-1.7.0 82C.odem;82;-2.0;0.5;-2.5;-2.5;1; 6; 0; 0;100.0;268;77864
9;jfluid-1.7.0 82C.odem;82;-1.5;0.0;-2.5;-1.5;2; 5; 0; 2;100.0;17;5084
8;servletapi-2.3 63C.odem;63;2.0;-0.5;1.5;0.5;9; 4; 8; 6;100.0;609;83892
1;jxls-core 83C.odem;83;0.5;0.0;1.5;1.0;6; 5; 8; 7;100.0;593;173286
2;jfluid-1.7.0 82C.odem;82;-1.0;-0.5;-2.0;-1.5;3; 4; 1; 2;100.0;599;180265
4;JPassword 96C.odem;96;1.5;-0.5;1.0;1.0;8; 4; 7; 7;100.0;381;179489
5;jfluid-1.7.0 82C.odem;82;2.0;0.0;2.5;2.0;9; 5; 10; 9;100.0;630;182212
0;pfcda_base 67C.odem;67;1.5;0.5;2.0;2.0;8; 6; 9; 9;100.0;1100;186917
8;jfluid-1.7.0 82C.odem;82;0.5;0.0;2.0;1.0;6; 5; 9; 7;100.0;324;89939
1;jfluid-1.7.0 82C.odem;82;2.0;0.0;0.5;1.0;9; 5; 6; 7;100.0;701;202031
4;javaocr 59C.odem;59;1.0;-1.0;1.0;0.5;7; 3; 7; 6;94.23;2000;209410
4;junit-3.8.1 100C.odem;100;1.0;0.0;2.5;1.0;7; 5; 10; 7;100.0;396;205291
9;javaocr 59C.odem;59;2.5;0.5;2.0;1.0;10; 6; 9; 7;100.0;1410;167630
6;jdendogram 177C.odem;177;2.5;-1.5;2.5;1.0;10; 2; 10; 7;100.0;66;171309
2;pfcda_base 67C.odem;67;1.5;-0.5;1.0;1.5;8; 4; 7; 8;100.0;1448;226868
3;junit-3.8.1 100C.odem;100;1.5;0.0;1.0;0.5;8; 5; 7; 6;100.0;487;235454
3;javaws 378C.odem;378;0.5;0.5;1.5;0.5;6; 6; 8; 6;100.0;11;243065
9;jscatterplot 74C.odem;74;2.0;0.0;1.5;0.5;9; 5; 8; 6;100.0;523;110399
1;junit-3.8.1 100C.odem;100;1.0;0.0;1.5;0.5;7; 5; 8; 6;100.0;444;240551
8;jscatterplot 74C.odem;74;1.5;-0.5;1.5;0.5;8; 4; 8; 6;100.0;750;177433
6;JPassword 96C.odem;96;2.0;-0.5;1.5;0.5;9; 4; 8; 6;100.0;133;65961
9;pfcda_base 67C.odem;67;1.5;0.5;2.0;1.0;8; 6; 9; 7;100.0;101;13923
4;jkaryoscope 136C.odem;136;2.5;0.0;2.0;1.0;10; 5; 9; 7;100.0;208;255561
8;javaocr 59C.odem;59;1.0;-0.5;1.5;1.0;7; 4; 8; 7;100.0;1777;217372
1;jscatterplot 74C.odem;74;-0.5;2.5;-2.0;-1.5;4; 10; 1; 2;100.0;1287;267692
0;poormans_2.3 304C.odem;304;2.5;-1.5;1.5;0.5;10; 2; 8; 6;100.0;20;261512
9;servletapi-2.3 63C.odem;63;0.5;0.0;2.0;1.0;6; 5; 9; 7;100.0;1336;178831
3;pfcda_base 67C.odem;67;1.5;0.5;1.0;1.5;8; 6; 7; 8;100.0;1850;282057
6;jxls-core 83C.odem;83;1.0;0.0;2.5;1.0;7; 5; 10; 7;100.0;570;171805
6;junit-3.8.1 100C.odem;100;0.5;-0.5;1.0;1.0;6; 4; 7; 7;100.0;150;64419
6;jscatterplot 74C.odem;74;-1.0;2.5;-2.5;-1.0;3; 10; 0; 3;100.0;1227;281808
0;tinytim 134C.odem;134;2.0;0.0;1.0;1.0;9; 5; 7; 7;100.0;260;294572
0;jml 270C.odem;270;2.5;0.0;2.0;2.0;10; 5; 9; 9;100.0;34;312922
7;pfcda_base 67C.odem;67;2.0;1.0;1.0;2.0;9; 7; 7; 9;100.0;998;162928
7;jdendogram 177C.odem;177;0.5;-1.0;2.5;1.5;6; 3; 10; 8;100.0;67;175883
7;jxls-core 83C.odem;83;2.0;0.5;2.5;1.0;9; 6; 10; 7;100.0;635;164174
0;JPassword 96C.odem;96;1.5;0.0;2.0;0.5;8; 5; 9; 6;100.0;755;348988
5;jxls-core 83C.odem;83;2.0;0.0;2.5;1.0;9; 5; 10; 7;100.0;842;252237
5;JPassword 96C.odem;96;2.0;0.5;2.0;1.0;9; 6; 9; 7;100.0;790;321704
5;pfcda_base 67C.odem;67;2.5;0.5;2.5;2.5;10; 6; 10; 10;91.53;2001;334039
3;JPassword 96C.odem;96;0.5;-0.5;2.0;1.5;6; 4; 9; 8;100.0;848;386260
5;xmldom 119C.odem;119;2.5;0.0;2.5;1.5;10; 5; 10; 8;100.0;370;295132
8;pfcda_base 67C.odem;67;1.5;-1.0;2.5;1.0;8; 3; 10; 7;100.0;1511;237919
2;jxls-core 83C.odem;83;2.0;0.5;1.5;0.5;9; 6; 8; 6;100.0;1577;435798
0;xmldom 119C.odem;119;2.5;0.0;2.0;1.5;10; 5; 9; 8;100.0;538;430992
3;javacc 154C.odem;154;2.0;0.0;2.5;2.0;9; 5; 10; 9;100.0;295;474772
3;gae_plugin_core 140C.odem;140;-1.5;-0.5;-2.0;-1.0;2; 4; 1; 3;100.0;376;482990
9;JPassword 96C.odem;96;0.5;0.0;1.0;1.0;6; 5; 7; 7;100.0;264;97582
2;tinytim 134C.odem;134;2.5;-0.5;2.5;1.0;10; 4; 10; 7;100.0;388;473550
9;jxls-core 83C.odem;83;1.5;-0.5;1.0;0.5;8; 4; 7; 6;100.0;611;156697
0;jkaryoscope 136C.odem;136;1.5;0.5;1.0;1.5;8; 6; 7; 8;100.0;436;513557
0;junit-3.8.1 100C.odem;100;2.5;0.0;1.0;0.5;10; 5; 7; 6;100.0;1022;510868
7;junit-3.8.1 100C.odem;100;2.0;0.0;1.5;1.0;9; 5; 8; 7;100.0;601;282701
5;gae_plugin_core 140C.odem;140;-0.5;0.0;-2.5;-1.0;4; 5; 0; 3;100.0;410;477441
1;gae_plugin_core 140C.odem;140;0.5;-0.5;1.0;1.0;6; 4; 7; 7;100.0;486;575831
4;gae_plugin_core 140C.odem;140;-1.0;0.5;-1.5;-1.0;3; 6; 2; 3;100.0;496;583815
2;gae_plugin_core 140C.odem;140;2.5;0.0;2.0;0.5;10; 5; 9; 6;100.0;459;589195
4;jxls-core 83C.odem;83;-2.5;0.0;-1.0;-1.5;0; 5; 3; 2;96.05;2001;584511
6;javacc 154C.odem;154;1.0;-0.5;2.0;1.5;7; 4; 9; 8;100.0;103;147356
2;Jung-graph 207C.odem;207;2.5;-0.5;2.0;1.0;10; 4; 9; 7;100.0;172;639333
8;JPassword 96C.odem;96;1.0;0.0;2.0;1.0;7; 5; 9; 7;100.0;733;301321
4;xmldom 119C.odem;119;1.0;0.5;2.0;1.5;7; 6; 9; 8;100.0;872;640587
1;notepad-full 299C.odem;299;2.5;0.5;2.5;1.0;10; 6; 10; 7;100.0;60;654775
5;jdendogram 177C.odem;177;1.5;1.0;2.5;1.5;8; 7; 10; 8;100.0;245;642164
3;jkaryoscope 136C.odem;136;2.5;0.5;2.0;1.0;10; 6; 9; 7;100.0;628;690502
2;jdendogram 177C.odem;177;2.5;-1.0;2.5;2.5;10; 3; 10; 10;100.0;300;695677
4;xmlapi 184C.odem;184;1.0;0.0;1.5;1.0;7; 5; 8; 7;100.0;249;684266
2;JPassword 96C.odem;96;2.0;0.5;1.5;0.5;9; 6; 8; 6;100.0;1828;717862
8;jxls-core 83C.odem;83;1.0;1.0;2.0;1.0;7; 7; 9; 7;100.0;1623;422980
6;xmldom 119C.odem;119;0.5;-0.5;2.5;1.0;6; 4; 10; 7;100.0;441;291170
7;gae_plugin_core 140C.odem;140;-0.5;0.5;-2.0;-1.0;4; 6; 1; 3;100.0;161;173622
9;junit-3.8.1 100C.odem;100;2.5;0.0;1.0;0.5;10; 5; 7; 6;100.0;526;229329
7;jkaryoscope 136C.odem;136;2.5;0.5;1.5;1.0;10; 6; 8; 7;100.0;61;58305
8;junit-3.8.1 100C.odem;100;2.5;0.0;1.0;0.5;10; 5; 7; 6;100.0;1109;455354
2;xmldom 119C.odem;119;1.0;0.0;2.0;1.0;7; 5; 9; 7;100.0;1118;752918
3;tinytim 134C.odem;134;2.5;-0.5;1.0;1.0;10; 4; 7; 7;100.0;664;756460
5;Jung-graph 207C.odem;207;2.0;0.5;1.0;0.5;9; 6; 7; 6;100.0;40;131970
8;xmldom 119C.odem;119;1.0;0.0;2.0;0.5;7; 5; 9; 6;100.0;227;141156
2;xmlapi 184C.odem;184;1.5;0.0;2.5;1.5;8; 5; 10; 8;100.0;320;784891
7;JPassword 96C.odem;96;0.5;0.0;2.0;0.5;6; 5; 9; 6;100.0;1453;573249
9;xmldom 119C.odem;119;2.0;0.5;1.5;1.5;9; 6; 8; 8;100.0;168;106238
3;JMetal 190C.odem;190;2.0;0.5;2.0;2.0;9; 6; 9; 9;100.0;301;827698
7;xmldom 119C.odem;119;1.5;0.0;2.0;0.5;8; 5; 9; 6;100.0;605;387103
2;junit-3.8.1 100C.odem;100;-2.5;-1.0;-1.0;-1.5;0; 3; 3; 2;93.68;2000;854978
4;tinytim 134C.odem;134;1.5;0.0;2.0;1.0;8; 5; 9; 7;100.0;842;857094
1;xmlapi 184C.odem;184;2.5;0.0;2.5;1.5;10; 5; 10; 8;100.0;337;879011
4;pdf_renderer 199C.odem;199;2.5;-1.0;2.0;1.0;10; 3; 9; 7;100.0;291;938905
1;jkaryoscope 136C.odem;136;1.5;-0.5;2.5;1.5;8; 4; 10; 8;100.0;838;953014
1;JMetal 190C.odem;190;1.5;1.0;2.0;2.0;8; 7; 9; 9;100.0;338;998437
4;JavaGeom 172C.odem;172;2.5;0.5;2.0;2.0;10; 6; 9; 9;100.0;463;1039350
0;log4j-1.2.16 308C.odem;308;2.0;-0.5;1.0;1.0;9; 4; 7; 7;100.0;97;1058570
5;junit-3.8.1 100C.odem;100;-2.5;1.0;-0.5;-1.5;0; 7; 4; 2;94.68;2001;857540
9;jdendogram 177C.odem;177;2.5;-1.0;2.5;1.5;10; 3; 10; 8;100.0;335;741106
8;tinytim 134C.odem;134;0.5;-0.5;2.0;1.0;6; 4; 9; 7;100.0;278;224020
6;xmlapi 184C.odem;184;2.5;0.0;1.0;0.5;10; 5; 7; 6;100.0;153;299565
5;jkaryoscope 136C.odem;136;2.0;0.0;1.5;2.0;9; 5; 8; 9;100.0;879;844563
6;jkaryoscope 136C.odem;136;0.5;0.5;2.5;1.0;6; 6; 10; 7;100.0;678;614118
4;javacc 154C.odem;154;2.0;0.0;2.5;1.0;9; 5; 10; 7;100.0;754;1156324
8;gae_plugin_core 140C.odem;140;2.0;0.0;2.0;1.0;9; 5; 9; 7;100.0;641;597763
7;tinytim 134C.odem;134;0.5;0.0;1.5;0.5;6; 5; 8; 6;100.0;523;433126
1;xmldom 119C.odem;119;-1.0;0.0;-2.5;-2.0;3; 5; 0; 1;95.54;2002;1200746
5;tinytim 134C.odem;134;0.5;0.0;2.0;1.0;6; 5; 9; 7;100.0;1107;965224
2;pfcda_swing 252C.odem;252;2.0;0.0;1.5;0.5;9; 5; 8; 6;100.0;217;1274801
3;pdf_renderer 199C.odem;199;2.5;1.0;1.0;2.5;10; 7; 7; 10;100.0;446;1282661
3;Jung-visualization 221C.odem;221;0.5;-0.5;2.5;1.0;6; 4; 10; 7;100.0;329;1297646
6;tinytim 134C.odem;134;1.5;0.0;2.5;0.5;8; 5; 10; 6;100.0;979;850255
8;jkaryoscope 136C.odem;136;1.5;-0.5;1.5;2.0;8; 4; 8; 9;100.0;743;609342
5;pfcda_swing 252C.odem;252;2.0;0.5;2.0;0.5;9; 6; 9; 6;100.0;26;119520
2;pdf_renderer 199C.odem;199;1.5;0.5;2.0;0.5;8; 6; 9; 6;100.0;458;1413737
0;JMetal 190C.odem;190;0.5;0.5;1.5;1.0;6; 6; 8; 7;100.0;556;1465909
4;JMetal 190C.odem;190;1.5;1.0;1.5;1.0;8; 7; 8; 7;100.0;561;1486521
1;tinytim 134C.odem;134;1.0;-0.5;1.0;1.0;7; 4; 7; 7;100.0;1705;1489815
6;JMetal 190C.odem;190;0.5;0.5;2.0;1.0;6; 6; 9; 7;100.0;246;520773
0;jconsole-1.7.0 220C.odem;220;0.5;0.5;1.5;1.0;6; 6; 8; 7;100.0;371;1524168
0;xmlapi 184C.odem;184;1.5;0.5;2.0;0.5;8; 6; 9; 6;100.0;663;1511286
7;xmlapi 184C.odem;184;0.5;0.0;2.5;1.0;6; 5; 10; 7;100.0;344;647172
1;Jung-graph 207C.odem;207;2.5;0.5;2.5;1.0;10; 6; 10; 7;100.0;498;1539774
6;gae_plugin_core 140C.odem;140;1.5;0.5;2.0;1.0;8; 6; 9; 7;100.0;1115;1067564
9;gae_plugin_core 140C.odem;140;0.5;-0.5;2.0;1.5;6; 4; 9; 8;100.0;1091;968941
0;jdendogram 177C.odem;177;1.5;-2.5;2.5;2.5;8; 0; 10; 10;100.0;723;1557577
0;Jung-visualization 221C.odem;221;2.5;0.5;2.5;2.0;10; 6; 10; 9;100.0;413;1566276
8;javacc 154C.odem;154;0.5;0.0;1.5;1.0;6; 5; 8; 7;100.0;440;504149
7;Jung-graph 207C.odem;207;0.5;0.0;2.0;1.0;6; 5; 9; 7;100.0;62;124811
8;jdendogram 177C.odem;177;1.5;0.5;2.0;1.5;8; 6; 9; 8;100.0;758;1433615
8;xmlapi 184C.odem;184;2.5;0.5;1.0;1.0;10; 6; 7; 7;100.0;375;624228
6;pfcda_swing 252C.odem;252;2.0;1.0;1.0;0.5;9; 7; 7; 6;100.0;76;352270
9;jkaryoscope 136C.odem;136;1.0;0.5;2.0;1.0;7; 6; 9; 7;100.0;1033;838503
4;dom4j-1.5.2 195C.odem;195;1.5;0.5;1.0;0.5;8; 6; 7; 6;100.0;688;1838576
5;JMetal 190C.odem;190;1.5;-0.5;1.5;1.0;8; 4; 8; 7;100.0;514;1041638
2;JavaGeom 172C.odem;172;1.5;0.5;1.5;0.5;8; 6; 8; 6;100.0;1055;1895184
2;jkaryoscope 136C.odem;136;1.5;-1.0;1.5;1.0;8; 3; 8; 7;91.34;2002;1890849
0;pfcda_swing 252C.odem;252;0.5;0.0;1.5;0.5;6; 5; 8; 6;100.0;324;1882349
1;javacc 154C.odem;154;2.5;-0.5;2.5;2.0;10; 4; 10; 9;100.0;1441;1928366
5;dom4j-1.5.2 195C.odem;195;2.0;0.5;2.0;0.5;9; 6; 9; 6;100.0;820;1977614
5;JavaGeom 172C.odem;172;0.5;0.0;1.5;0.5;6; 5; 8; 6;100.0;583;952167
8;JMetal 190C.odem;190;1.0;0.0;1.0;1.0;7; 5; 7; 7;100.0;270;526076
4;Jung-visualization 221C.odem;221;0.5;0.5;2.0;1.0;6; 6; 9; 7;100.0;573;2035546
9;tinytim 134C.odem;134;2.0;0.5;1.0;1.0;9; 6; 7; 7;100.0;1480;1021023
7;Jung-visualization 221C.odem;221;2.0;-0.5;2.0;0.5;9; 4; 9; 6;100.0;47;130339
0;Jung-graph 207C.odem;207;1.5;-0.5;2.0;1.0;8; 4; 9; 7;100.0;741;2266925
9;javacc 154C.odem;154;1.0;-0.5;1.5;0.5;7; 4; 8; 6;100.0;587;634613
1;pdf_renderer 199C.odem;199;2.5;-0.5;1.0;0.5;10; 4; 7; 6;100.0;856;2292372
9;JMetal 190C.odem;190;2.0;-0.5;1.0;0.5;9; 4; 7; 6;100.0;419;835025
2;javacc 154C.odem;154;-1.0;-1.0;2.5;1.5;3; 3; 10; 8;97.3;2001;2378041
3;Jung-graph 207C.odem;207;0.5;0.5;1.0;0.5;6; 6; 7; 6;100.0;810;2438757
1;dom4j-1.5.2 195C.odem;195;2.5;-0.5;1.5;1.0;10; 4; 8; 7;100.0;1044;2447720
5;pdf_renderer 199C.odem;199;2.5;1.5;1.0;2.5;10; 8; 7; 10;100.0;715;1543473
9;xmlapi 184C.odem;184;0.5;0.0;1.5;1.0;6; 5; 8; 7;100.0;575;985372
7;javacc 154C.odem;154;1.5;0.0;1.0;0.5;8; 5; 7; 6;100.0;1764;1902907
2;jtreeview 329C.odem;329;0.5;-0.5;1.0;0.5;6; 4; 7; 6;100.0;238;2566120
5;javacc 154C.odem;154;0.5;0.0;2.5;0.5;6; 5; 10; 6;98.67;2001;2440550
7;JavaGeom 172C.odem;172;2.0;1.0;1.5;0.5;9; 7; 8; 6;100.0;410;605589
0;javaws-7 378C.odem;378;2.5;-1.5;1.5;1.0;10; 2; 8; 7;100.0;159;2603797
3;JavaGeom 172C.odem;172;1.5;0.5;1.5;0.5;8; 6; 8; 6;100.0;1489;2622627
0;notepad-full 299C.odem;299;0.5;0.5;2.0;2.0;6; 6; 9; 9;100.0;298;2615039
5;xmlapi 184C.odem;184;1.0;0.5;2.5;2.0;7; 6; 10; 9;100.0;1093;1950229
0;dom4j-1.5.2 195C.odem;195;1.5;0.0;2.5;1.0;8; 5; 10; 7;100.0;1156;2796848
3;xmlapi 184C.odem;184;2.5;0.0;2.0;0.5;10; 5; 9; 6;100.0;1532;2780409
2;JMetal 190C.odem;190;2.5;0.5;1.5;2.0;10; 6; 8; 9;100.0;1361;2835671
6;notepad-full 299C.odem;299;2.5;0.5;2.5;1.0;10; 6; 10; 7;100.0;44;257687
3;jconsole-1.7.0 220C.odem;220;1.0;0.5;2.0;1.0;7; 6; 9; 7;100.0;879;2910096
1;javaws-7 378C.odem;378;2.5;-2.5;1.5;0.5;10; 0; 8; 6;100.0;180;2910808
9;dom4j-1.5.2 195C.odem;195;2.5;-1.5;1.0;1.0;10; 2; 7; 7;100.0;75;140655
1;Jung-visualization 221C.odem;221;0.5;0.5;2.5;1.5;6; 6; 10; 8;100.0;848;2934478
2;jconsole-1.7.0 220C.odem;220;0.5;0.0;1.0;1.0;6; 5; 7; 7;100.0;895;2942403
1;JavaGeom 172C.odem;172;2.5;0.5;2.0;1.0;10; 6; 9; 7;100.0;1848;2950189
7;JMetal 190C.odem;190;2.5;-0.5;2.0;2.5;10; 4; 9; 10;100.0;819;1538354
9;pdf_renderer 199C.odem;199;2.0;-0.5;1.0;0.5;9; 4; 7; 6;100.0;296;561061
6;JavaGeom 172C.odem;172;2.5;0.0;1.5;1.0;10; 5; 8; 7;100.0;1047;1370882
2;Jung-visualization 221C.odem;221;2.5;-0.5;2.5;1.5;10; 4; 10; 8;100.0;999;3268998
1;pfcda_swing 252C.odem;252;1.5;0.0;2.0;1.0;8; 5; 9; 7;100.0;721;3268947
0;JavaGeom 172C.odem;172;-2.5;1.0;-2.0;-1.5;0; 7; 1; 2;87.04;2003;3300330
6;pdf_renderer 199C.odem;199;1.5;0.5;1.0;0.5;8; 6; 7; 6;100.0;1018;2034146
5;javaws 378C.odem;378;2.5;-0.5;1.0;0.5;10; 4; 7; 6;100.0;208;3106070
4;jconsole-1.7.0 220C.odem;220;1.5;0.0;2.0;1.0;8; 5; 9; 7;100.0;1017;3362472
8;dom4j-1.5.2 195C.odem;195;0.5;0.0;1.0;0.5;6; 5; 7; 6;100.0;558;960207
1;jconsole-1.7.0 220C.odem;220;1.0;0.0;1.0;2.5;7; 5; 7; 10;100.0;1039;3439471
5;jml 270C.odem;270;0.5;-0.5;1.5;1.0;6; 4; 8; 7;100.0;548;3164676
6;Jung-graph 207C.odem;207;0.5;-1.0;2.0;1.0;6; 3; 9; 7;100.0;1192;2709103
7;dom4j-1.5.2 195C.odem;195;2.0;0.0;2.5;1.0;9; 5; 10; 7;100.0;914;1606780
1;javaws 378C.odem;378;0.5;0.0;2.0;0.5;6; 5; 9; 6;100.0;251;3805688
0;pdf_renderer 199C.odem;199;2.0;1.0;1.5;0.5;9; 7; 8; 6;100.0;1778;3797761
2;notepad-full 299C.odem;299;2.0;0.5;1.0;1.5;9; 6; 7; 8;100.0;529;3839597
8;notepad-full 299C.odem;299;1.0;0.0;2.0;2.5;7; 5; 9; 10;100.0;13;62474
0;jtreeview 329C.odem;329;1.0;0.0;2.0;2.5;7; 5; 9; 10;100.0;406;4031909
7;pfcda_swing 252C.odem;252;2.5;1.0;2.0;0.5;10; 7; 9; 6;100.0;628;2283372
7;jconsole-1.7.0 220C.odem;220;1.5;0.0;1.0;1.5;8; 5; 7; 8;100.0;510;1136120
8;Jung-visualization 221C.odem;221;2.0;0.0;2.5;0.5;9; 5; 10; 6;100.0;817;1948033
3;dom4j-1.5.2 195C.odem;195;1.0;1.0;1.5;1.0;7; 7; 8; 7;100.0;1974;4158942
5;notepad-full 299C.odem;299;1.0;0.0;1.5;1.0;7; 5; 8; 7;100.0;570;3620239
6;dom4j-1.5.2 195C.odem;195;2.0;0.5;2.0;1.5;9; 6; 9; 8;100.0;1374;2450227
9;Jung-graph 207C.odem;207;2.5;0.5;2.5;1.0;10; 6; 10; 7;100.0;975;2028944
2;log4j-1.2.16 308C.odem;308;1.0;0.0;2.0;1.0;7; 5; 9; 7;100.0;543;4352736
8;pdf_renderer 199C.odem;199;2.5;-0.5;2.0;1.0;10; 4; 9; 7;100.0;1124;2059000
9;jconsole-1.7.0 220C.odem;220;1.0;0.0;2.5;1.5;7; 5; 10; 8;100.0;410;957505
5;Jung-visualization 221C.odem;221;1.5;0.0;2.5;1.0;8; 5; 10; 7;100.0;1311;3171104
4;Jung-graph 207C.odem;207;2.5;0.0;2.5;1.0;10; 5; 10; 7;100.0;1833;4480688
9;JavaGeom 172C.odem;172;0.5;0.5;2.0;0.5;6; 6; 9; 6;100.0;1541;1867994
8;jconsole-1.7.0 220C.odem;220;2.5;-0.5;2.5;1.0;10; 4; 10; 7;100.0;532;1237625
5;jconsole-1.7.0 220C.odem;220;2.5;-0.5;1.0;2.0;10; 4; 7; 9;100.0;1185;3120705
9;Jung-visualization 221C.odem;221;1.5;0.5;2.0;2.0;8; 6; 9; 9;100.0;800;1847026
6;jconsole-1.7.0 220C.odem;220;1.0;0.0;1.0;2.5;7; 5; 7; 10;100.0;916;1883990
4;pfcda_swing 252C.odem;252;0.5;1.0;1.0;1.0;6; 7; 7; 7;100.0;1142;4801211
7;pdf_renderer 199C.odem;199;2.5;1.0;1.0;2.5;10; 7; 7; 10;100.0;1894;3453127
0;jace 340C.odem;340;1.0;0.5;1.0;0.5;7; 6; 7; 6;100.0;520;4880445
8;JavaGeom 172C.odem;172;2.0;1.0;-2.0;-1.0;9; 7; 1; 3;87.04;2001;2283960
1;poormans_2.3 304C.odem;304;1.0;0.5;1.0;1.5;7; 6; 7; 8;100.0;738;4868397
7;notepad-full 299C.odem;299;1.5;0.0;2.5;1.0;8; 5; 10; 7;100.0;361;2001716
2;javaws-7 378C.odem;378;1.0;0.5;1.5;0.5;7; 6; 8; 6;100.0;351;4936486
8;pfcda_swing 252C.odem;252;1.5;0.5;1.0;0.5;8; 6; 7; 6;100.0;865;3041276
3;jml 270C.odem;270;0.5;-0.5;2.0;0.5;6; 4; 9; 6;100.0;960;4953297
5;jace 340C.odem;340;1.5;-0.5;2.5;2.0;8; 4; 10; 9;100.0;21;116247
8;Jung-graph 207C.odem;207;-2.0;-2.5;-2.0;-1.5;1; 0; 1; 2;99.01;2003;3538291
5;jtreeview 329C.odem;329;2.0;-0.5;2.0;1.5;9; 4; 9; 8;100.0;432;2781287
6;jace 340C.odem;340;1.0;0.5;2.5;1.5;7; 6; 10; 8;100.0;65;381403
0;jpassword 269C.odem;269;0.5;0.0;2.0;0.5;6; 5; 9; 6;100.0;1142;5389118
7;javaws 378C.odem;378;1.5;0.5;1.5;0.5;8; 6; 8; 6;100.0;186;1698523
3;jpassword 269C.odem;269;2.0;0.5;2.0;0.5;9; 6; 9; 6;100.0;1318;5712677
0;javaws 378C.odem;378;2.5;0.0;1.0;1.0;10; 5; 7; 7;100.0;491;5751062
1;log4j-1.2.16 308C.odem;308;1.0;-0.5;2.5;1.0;7; 4; 10; 7;100.0;875;5771193
6;Jung-visualization 221C.odem;221;1.0;0.5;1.0;0.5;7; 6; 7; 6;100.0;2002;4209020
3;poormans_2.3 304C.odem;304;2.0;0.0;2.5;1.0;9; 5; 10; 7;100.0;949;5876587
3;jace 340C.odem;340;2.0;0.5;2.5;2.5;9; 6; 10; 10;100.0;702;5895491
6;jpassword 269C.odem;269;2.0;0.0;2.0;0.5;9; 5; 9; 6;100.0;94;268015
2;poormans_2.3 304C.odem;304;1.5;0.0;2.5;1.0;8; 5; 10; 7;100.0;978;5973469
5;poormans_2.3 304C.odem;304;2.5;-1.5;1.0;1.0;10; 2; 7; 7;100.0;1027;5878867
3;log4j-1.2.16 308C.odem;308;0.5;0.0;2.5;1.0;6; 5; 10; 7;100.0;1017;6191587
4;jpassword 269C.odem;269;1.0;-0.5;1.0;1.0;7; 4; 7; 7;100.0;1447;6197333
1;jace 340C.odem;340;2.0;0.0;2.0;2.0;9; 5; 9; 9;100.0;722;6219843
4;poormans_2.3 304C.odem;304;2.0;0.0;1.0;0.5;9; 5; 7; 6;100.0;1065;6232410
4;jtreeview 329C.odem;329;1.0;0.0;1.0;0.5;7; 5; 7; 6;100.0;818;6247356
7;jace 340C.odem;340;1.0;1.0;1.0;1.0;7; 7; 7; 7;100.0;157;906353
4;notepad-full 299C.odem;299;1.5;-0.5;2.0;1.5;8; 4; 9; 8;100.0;1072;6299888
1;jpassword 269C.odem;269;2.5;0.5;2.0;1.0;10; 6; 9; 7;100.0;1460;6305730
7;jpassword 269C.odem;269;2.5;0.0;2.5;0.5;10; 5; 10; 6;100.0;142;425513
9;jace 340C.odem;340;2.5;0.0;1.5;0.5;10; 5; 8; 6;100.0;34;198795
9;javaws 378C.odem;378;0.5;0.0;1.0;1.0;6; 5; 7; 7;100.0;124;960049
4;res_cobol 483C.odem;483;1.0;1.0;1.5;0.5;7; 7; 8; 6;100.0;281;6727852
3;pfcda_swing 252C.odem;252;-1.5;1.5;-2.0;-0.5;2; 8; 1; 4;83.74;2001;6775030
8;jtreeview 329C.odem;329;0.5;0.0;2.0;1.5;6; 5; 9; 8;100.0;138;696875
8;jpassword 269C.odem;269;1.0;0.0;1.5;1.0;7; 5; 8; 7;100.0;273;771946
7;javaws-7 378C.odem;378;2.5;0.0;1.5;0.5;10; 5; 8; 6;100.0;274;2042493
9;jpassword 269C.odem;269;0.5;0.5;2.5;0.5;6; 6; 10; 6;100.0;287;778838
7;jml 270C.odem;270;0.5;-0.5;1.5;0.5;6; 4; 8; 6;100.0;797;2217655
5;javaws-7 378C.odem;378;1.5;-2.0;1.0;0.5;8; 1; 7; 6;100.0;508;4579888
5;jpassword 269C.odem;269;2.5;0.0;2.5;1.0;10; 5; 10; 7;100.0;657;1802357
2;jml 270C.odem;270;0.5;0.0;2.5;1.0;6; 5; 10; 7;100.0;1828;7205190
9;notepad-full 299C.odem;299;1.0;-0.5;1.5;1.0;7; 4; 8; 7;100.0;816;3311097
8;log4j-1.2.16 308C.odem;308;1.0;0.0;2.0;1.5;7; 5; 9; 8;100.0;281;1105936
9;log4j-1.2.16 308C.odem;308;0.5;-0.5;2.0;1.5;6; 4; 9; 8;100.0;69;253529
2;jpassword 269C.odem;269;-1.0;1.5;-1.5;-0.5;3; 8; 2; 4;94.68;2000;7570927
7;poormans_2.3 304C.odem;304;2.0;-0.5;2.0;1.5;9; 4; 9; 8;100.0;465;1732883
8;jml 270C.odem;270;1.0;-0.5;2.5;1.0;7; 4; 10; 7;100.0;191;457621
3;notepad-full 299C.odem;299;0.5;0.0;2.5;1.0;6; 5; 10; 7;100.0;1453;7624877
2;jace 340C.odem;340;2.5;-1.0;1.0;1.0;10; 3; 7; 7;100.0;994;7643703
1;jml 270C.odem;270;2.0;-1.5;2.0;1.5;9; 2; 9; 8;89.23;2003;7683238
6;javaws 378C.odem;378;2.0;-0.5;1.0;0.5;9; 4; 7; 6;100.0;528;4363633
4;jml 270C.odem;270;1.0;-1.5;1.5;1.0;7; 2; 8; 7;89.23;2001;7762022
1;jtreeview 329C.odem;329;2.5;0.0;2.0;2.0;10; 5; 9; 9;100.0;1165;7790920
9;pfcda_swing 252C.odem;252;-2.0;-0.5;-1.0;-1.0;1; 4; 3; 3;83.74;2002;5021147
4;javaws 378C.odem;378;0.5;0.0;1.5;0.5;6; 5; 8; 6;100.0;849;8538344
3;jtreeview 329C.odem;329;1.0;0.0;1.5;0.5;7; 5; 8; 6;100.0;1306;8548686
6;jml 270C.odem;270;2.0;0.0;1.0;0.5;9; 5; 7; 6;100.0;1934;5353433
7;jtreeview 329C.odem;329;2.5;-0.5;2.0;2.0;10; 4; 9; 9;100.0;747;3501148
3;javaws-7 378C.odem;378;2.5;-0.5;2.0;0.5;10; 4; 9; 6;100.0;953;8853720
2;javaws 378C.odem;378;2.5;-1.0;1.5;0.5;10; 3; 8; 6;100.0;944;8899686
6;poormans_2.3 304C.odem;304;2.0;-0.5;2.0;1.0;9; 4; 9; 7;100.0;1078;4067395
9;poormans_2.3 304C.odem;304;1.0;0.0;1.0;1.5;7; 5; 7; 8;100.0;798;2828516
8;poormans_2.3 304C.odem;304;1.0;0.5;1.0;1.5;7; 6; 7; 8;100.0;965;3058057
6;jtreeview 329C.odem;329;2.5;0.0;1.0;0.5;10; 5; 7; 6;100.0;1217;5252986
6;log4j-1.2.16 308C.odem;308;0.5;-1.0;1.0;1.0;6; 3; 7; 7;100.0;1476;5100891
4;log4j-1.2.16 308C.odem;308;-2.5;-2.0;-2.0;-1.5;0; 1; 1; 2;92.43;2002;9580389
9;jtreeview 329C.odem;329;2.5;0.5;2.0;1.0;10; 6; 9; 7;100.0;822;2700453
9;javaws-7 378C.odem;378;2.5;0.5;2.0;1.0;10; 6; 9; 7;100.0;447;2577420
5;log4j-1.2.16 308C.odem;308;2.5;-0.5;1.5;1.5;10; 4; 8; 8;93.67;2000;8740331
6;javaws-7 378C.odem;378;0.5;0.0;1.0;1.0;6; 5; 7; 7;100.0;979;6948890
0;res_cobol 483C.odem;483;0.5;-0.5;1.0;0.5;6; 4; 7; 6;100.0;531;9877790
4;jace 340C.odem;340;0.5;-0.5;2.5;2.5;6; 4; 10; 10;100.0;1745;10210255
8;jace 340C.odem;340;2.0;-0.5;2.5;1.0;9; 4; 10; 7;100.0;1055;4361165
6;res_cobol 483C.odem;483;2.0;1.0;1.0;1.5;9; 7; 7; 8;100.0;96;630087
7;log4j-1.2.16 308C.odem;308;2.5;0.0;2.0;0.5;10; 5; 9; 6;100.0;1890;4753179
9;jml 270C.odem;270;0.5;1.0;1.0;1.0;6; 7; 7; 7;100.0;1955;3370563
1;res_cobol 483C.odem;483;2.0;0.0;1.0;2.0;9; 5; 7; 9;100.0;697;10669873
3;res_cobol 483C.odem;483;2.0;0.0;1.0;2.0;9; 5; 7; 9;100.0;829;11420533
8;javaws 378C.odem;378;0.5;0.5;1.5;0.5;6; 6; 8; 6;100.0;1493;6039488
4;javaws-7 378C.odem;378;-2.0;-2.5;2.5;2.5;1; 0; 10; 10;94.21;2003;11920010
5;res_cobol 483C.odem;483;1.0;0.5;1.0;1.0;7; 6; 7; 7;100.0;701;5614844
8;res_cobol 483C.odem;483;0.5;-0.5;1.0;2.0;6; 4; 7; 9;100.0;346;2157274
2;lwjgl 569C.odem;569;1.5;-1.0;1.5;0.5;8; 3; 8; 6;100.0;804;13254225
8;javaws-7 378C.odem;378;0.5;-1.5;2.5;1.0;6; 2; 10; 7;94.21;2000;6618476
1;lwjgl 569C.odem;569;0.5;0.0;2.5;1.5;6; 5; 10; 8;100.0;906;14229046
5;lwjgl 569C.odem;569;1.5;0.5;1.0;1.0;8; 6; 7; 7;100.0;309;2090551
7;lwjgl 569C.odem;569;1.0;0.0;2.0;1.5;7; 5; 9; 8;100.0;42;243354
9;res_cobol 483C.odem;483;2.5;0.0;2.0;0.5;10; 5; 9; 6;100.0;875;4200630
6;lwjgl 569C.odem;569;1.0;0.0;1.0;1.0;7; 5; 7; 7;100.0;362;1840232
2;res_cobol 483C.odem;483;1.5;0.5;1.0;2.0;8; 6; 7; 9;100.0;1964;16325329
8;lwjgl 569C.odem;569;1.5;0.5;1.0;1.0;8; 6; 7; 7;100.0;323;1072989
7;res_cobol 483C.odem;483;1.5;0.0;1.0;1.0;8; 5; 7; 7;100.0;1610;6230239
0;lwjgl 569C.odem;569;2.5;-1.0;1.5;0.5;10; 3; 8; 6;100.0;1799;17521847
3;lwjgl 569C.odem;569;2.5;0.5;2.5;1.5;10; 6; 10; 8;100.0;1918;17703851
4;lwjgl 569C.odem;569;0.5;0.5;1.5;2.5;6; 6; 8; 10;87.52;2003;17926973
9;lwjgl 569C.odem;569;1.0;1.5;1.0;2.5;7; 8; 7; 10;87.52;2004;3834281
