             org.gjt.sp.jedit.options;0;1;0;0;0;0;0;0;0;0;0;0;0;0;0;0;0;0;1;0;0;0;0
           org.gjt.sp.jedit.pluginmgr;1;0;0;0;0;0;0;0;0;0;0;0;0;0;1;0;0;0;1;0;0;0;0
                org.gjt.sp.jedit.menu;0;0;0;0;0;0;0;0;0;0;0;0;0;0;0;0;0;0;1;0;0;0;0
                org.gjt.sp.jedit.help;0;1;0;0;0;0;0;0;0;0;0;0;0;0;0;0;0;0;1;0;0;0;0
             org.gjt.sp.jedit.browser;0;0;1;1;0;0;0;0;0;0;0;0;0;0;0;0;0;0;1;0;0;0;0
              org.gjt.sp.jedit.search;0;0;0;0;1;0;0;0;0;0;0;0;0;0;0;0;0;0;1;0;0;0;0
            org.gjt.sp.jedit.textarea;0;0;1;0;0;1;0;1;0;0;0;0;0;0;1;0;0;0;1;0;0;0;0
              org.gjt.sp.jedit.buffer;1;0;0;0;0;0;1;0;0;0;0;0;1;0;1;0;0;0;1;0;0;0;0
                         bsh.commands;0;0;0;0;0;0;0;0;0;0;0;0;0;0;0;0;0;0;0;0;0;0;0
                       bsh.collection;0;0;0;0;0;0;0;0;0;0;0;1;0;0;0;0;0;0;0;0;0;0;0
                          bsh.reflect;0;0;0;0;0;0;0;0;0;0;0;1;0;0;0;0;0;0;0;0;0;0;0
                                  bsh;0;0;1;0;1;1;0;0;1;1;1;0;0;0;1;0;0;0;1;0;0;0;0
                  org.gjt.sp.jedit.io;1;1;1;1;1;1;0;1;0;0;0;0;0;0;1;0;0;0;1;0;0;0;0
                 org.gjt.sp.jedit.msg;0;1;1;1;1;1;0;0;0;0;0;0;1;0;1;0;0;0;1;0;0;0;0
                 org.gjt.sp.jedit.gui;1;0;1;1;1;1;1;0;0;0;0;0;1;1;0;0;0;0;1;0;0;0;0
               org.gjt.sp.jedit.print;0;0;0;0;0;0;0;0;0;0;0;0;0;0;0;0;0;0;0;0;0;0;0
 org.gjt.sp.jedit.proto.jeditresource;0;0;0;0;0;0;0;0;0;0;0;0;0;0;0;0;0;0;0;0;0;0;0
              org.gjt.sp.jedit.syntax;1;0;0;0;0;0;1;1;0;0;0;0;0;0;1;1;0;0;1;0;0;0;0
                     org.gjt.sp.jedit;1;1;1;1;1;1;1;1;0;0;0;0;1;1;1;1;1;1;0;0;0;0;0
                      org.gjt.sp.util;1;1;1;1;1;1;1;1;0;0;0;0;1;0;1;1;0;1;1;0;0;0;0
                    org.objectweb.asm;0;0;0;0;0;0;0;0;0;0;0;1;0;0;0;0;0;0;0;0;0;0;0
                    com.microstar.xml;0;1;0;1;0;0;0;1;0;0;0;0;0;0;1;0;0;1;1;0;0;0;0
                           gnu.regexp;0;0;0;0;1;1;0;0;0;0;0;0;1;0;0;0;0;1;1;1;0;0;0
