versions	packageCount	classCount	elegance	singleClassPackages	maximumClassConcentration	dependencyCount	cbo	aff	eff	mq	evm	lcom5
jedit-2.3.2	2	23	0.0	1	22	52	0.5	0.5	1.0	0.9803921568627451	-159	0.8917748917748918
jedit-2.3.3	2	23	0.0	1	22	52	0.5	0.5	1.0	0.9803921568627451	-159	0.8917748917748918
jedit-2.3.4	2	23	0.0	1	22	52	0.5	0.5	1.0	0.9803921568627451	-159	0.8917748917748918
jedit-2.3.5	2	23	0.0	1	22	52	0.5	0.5	1.0	0.9803921568627451	-159	0.8917748917748918
jedit-2.3.6	2	23	0.0	1	22	52	0.5	0.5	1.0	0.9803921568627451	-159	0.8917748917748918
jedit-2.3.7	2	23	0.0	1	22	52	0.5	0.5	1.0	0.9803921568627451	-159	0.8917748917748918
jedit-2.3.f	2	23	0.0	1	22	52	0.5	0.5	1.0	0.9803921568627451	-159	0.8917748917748918
jedit-2.4.1	2	23	0.0	1	22	52	0.5	0.5	1.0	0.9803921568627451	-159	0.8917748917748918
jedit-2.4.2	2	23	0.0	1	22	52	0.5	0.5	1.0	0.9803921568627451	-159	0.8917748917748918
jedit-2.4.f	2	23	0.0	1	22	52	0.5	0.5	1.0	0.9803921568627451	-159	0.8917748917748918
jedit-2.5.1	2	29	0.0	1	28	64	0.5	0.5	1.0	0.9841269841269841	-288	0.917989417989418
jedit-2.5.f	2	29	0.0	1	28	64	0.5	0.5	1.0	0.9841269841269841	-288	0.917989417989418
jedit-2.6.f	2	28	0.0	1	27	64	1.0	4.5	1.5	0.9152542372881356	-279	0.9230769230769231
jedit-3.0.0	14	415	26.329253537400838	0	82	1952	3.5	23.928571428571427	17.642857142857142	7.535186726082688	-8818	0.8476267912529659
jedit-3.0.1	14	417	26.57651640997736	0	83	1962	3.5	24.071428571428573	17.714285714285715	7.476485052374461	-8958	0.8476757398010485
jedit-3.0.2	14	417	26.57651640997736	0	83	1962	3.5	24.071428571428573	17.714285714285715	7.476485052374461	-8958	0.8476757398010485
jedit-3.1.0	14	440	28.281024142180787	0	84	2035	3.5714285714285716	25.285714285714285	18.285714285714285	7.29887371160879	-10229	0.8510624303631215
jedit-3.2.0	16	508	31.039289618159756	1	108	2420	3.625	26.625	18.75	7.8220108633837855	-13054	0.8569406465625493
jedit-3.2.1	16	508	31.039289618159756	1	108	2422	3.625	26.625	18.75	7.823762331172531	-13050	0.8569178623292387
jedit-3.2.2	16	508	31.039289618159756	1	108	2425	3.625	26.6875	18.75	7.823216021826765	-13050	0.8568942345024797
jedit-4.0.0	19	606	35.78281671835197	2	143	2899	4.0	28.63157894736842	19.263157894736842	8.63406203180141	-18711	0.8519748051804502
jedit-4.0.2	19	606	35.78281671835197	2	143	2899	4.0	28.63157894736842	19.263157894736842	8.63406203180141	-18711	0.8519748051804502
jedit-4.0.3	19	606	35.78281671835197	2	143	2899	4.0	28.63157894736842	19.263157894736842	8.63406203180141	-18711	0.8519748051804502
jedit-4.1.0	20	644	35.35194478384463	2	145	3197	4.4	30.15	19.6	9.2895242961077	-19476	0.8623131065905972
jedit-4.2.0	23	805	39.15187818250092	2	156	4151	4.565217391304348	33.0	21.434782608695652	10.825774559188073	-27315	0.8568755812440643
jedit-4.3.0	29	1132	47.55358702059777	2	213	5891	5.275862068965517	40.51724137931034	24.17241379310345	13.387281741893695	-48869	0.8502371380806649
jedit-4.3.1	29	1132	47.55358702059777	2	213	5892	5.275862068965517	40.51724137931034	24.17241379310345	13.382457968217462	-48869	0.8502371380806649
jedit-4.3.2	29	1132	47.55358702059777	2	213	5888	5.275862068965517	40.48275862068966	24.20689655172414	13.3795577326799	-48869	0.8502861288703966
jedit-4.3.3	29	1132	47.55358702059777	2	213	5888	5.275862068965517	40.48275862068966	24.20689655172414	13.3795577326799	-48869	0.8502861288703966
jedit-4.4.1	29	1193	51.14598722786066	2	237	6159	5.551724137931035	42.827586206896555	25.551724137931036	13.82118983446057	-56197	0.8570418968663159
jedit-4.4.2	29	1194	51.1657677624926	2	237	6167	5.620689655172414	42.89655172413793	25.655172413793103	13.80782603633427	-56263	0.8570802495684775
jedit-4.5.0	30	1216	50.92395201561725	2	238	6299	5.6	42.4	25.7	14.372417848719094	-57161	0.8547011856753032
jedit-4.5.1	30	1218	50.97162609400122	2	238	6305	5.6	42.43333333333333	25.7	14.374013559890113	-57308	0.8547579647358418
jedit-4.5.2	30	1220	51.09359603272758	2	239	6315	5.6	42.46666666666667	25.733333333333334	14.384574579601203	-57565	0.854790743174439
jedit-5.0.0	34	1267	50.66226628284107	3	242	6497	5.4411764705882355	38.6764705882353	24.029411764705884	15.281158395875702	-60701	0.8540380437790047
jedit-5.1.0	35	1266	49.54391167109708	2	237	6519	5.485714285714286	37.74285714285714	23.6	16.137756864922963	-59295	0.8328553658692612
jedit-5.2.0	35	1277	50.345873105702616	2	242	6586	5.6	38.142857142857146	24.2	15.979095082424562	-61057	0.8356857499925511
jedit-5.3.0	35	1289	51.087871478902876	2	246	6710	5.8	39.371428571428574	24.742857142857144	15.910086821732225	-62730	0.8337865461013702
jedit-5.4.0	35	1355	52.024484031804775	2	253	7015	6.0285714285714285	41.94285714285714	25.8	16.1535206102747	-66636	0.8410560591855737
jedit-5.5.0	35	1366	52.32616702092788	2	254	7074	6.0285714285714285	42.142857142857146	25.857142857142858	16.172890725541908	-67543	0.8411801710414845
jhotdraw-5.2.0	11	191	15.340218839690223	0	55	997	4.0	25.636363636363637	24.181818181818183	2.737007480189439	-2427	0.8344931371127543
jhotdraw-5.3.0	11	273	25.657953513723513	0	91	1548	4.181818181818182	39.54545454545455	31.363636363636363	2.651722189950803	-6178	0.844897576154344
jhotdraw-5.4.1	17	391	27.222395624364356	1	99	2086	4.176470588235294	34.705882352941174	27.705882352941178	5.135490449714916	-9584	0.8312064118929892
jhotdraw-5.4.2	17	398	27.566089192273928	1	103	2175	4.176470588235294	35.411764705882355	28.11764705882353	5.314195203349364	-9855	0.8181720042378143
jhotdraw-6.0.1	17	398	27.566089192273928	1	103	2175	4.176470588235294	35.411764705882355	28.11764705882353	5.314195203349364	-9855	0.8181720042378143
jhotdraw-7.0.6	16	320	33.95585369269929	3	133	1500	2.1875	19.375	9.8125	5.6117780217384645	-10738	0.7829109662778221
jhotdraw-7.0.7	16	333	34.55650942658995	3	133	1574	2.1875	20.6875	10.1875	5.496454159474887	-11288	0.7856640827670438
jhotdraw-7.0.8	16	379	36.68909706915666	1	145	1763	2.3125	22.1875	11.25	6.2321205862935125	-13256	0.8230616049176295
jhotdraw-7.0.9	17	431	42.313870867838	1	173	2082	2.5294117647058822	24.294117647058822	12.176470588235293	6.919949975154257	-18325	0.8114069327463774
jhotdraw-7.1.0	47	1149	45.660080106656736	4	258	4051	2.276595744680851	15.957446808510639	8.957446808510639	25.509029424882453	-58300	0.7778362150476019
jhotdraw-7.2.0	20	391	42.81643959976121	4	193	2007	2.15	16.15	9.7	7.847888323485135	-19637	0.798795457117996
jhotdraw-7.3.0	56	1231	43.75805683831614	7	258	4533	2.625	15.767857142857142	8.821428571428571	26.135391796871787	-61912	0.8340445884323203
jhotdraw-7.3.1	56	1233	43.82533964966117	7	258	4543	2.642857142857143	15.821428571428571	8.857142857142858	26.216799857428803	-62106	0.8336023814344826
jhotdraw-7.4.1	65	1186	34.722207821167295	7	259	4490	3.6615384615384614	19.184615384615384	10.892307692307693	25.991775079565322	-46068	0.8275881327342858
jhotdraw-7.5.1	68	1193	33.85889136137587	8	255	4566	3.676470588235294	18.647058823529413	10.735294117647058	27.448144001661802	-45471	0.8113492664846311
jhotdraw-7.6.0	67	1195	34.07174038676109	8	255	4533	3.5522388059701493	18.44776119402985	10.626865671641792	27.39997783468885	-45531	0.8086681737920525
jhotdraw-8.0.0	67	1195	34.07174038676109	8	255	4533	3.5522388059701493	18.44776119402985	10.626865671641792	27.39997783468885	-45531	0.8086681737920525
junit-2.00.0	4	38	8.558621384311845	0	24	84	0.75	2.5	2.25	2.2474151049592463	-222	0.7040502070393375
junit-2.01.0	4	38	8.558621384311845	0	24	95	0.75	2.5	2.25	2.2630037272894414	-200	0.6990683229813665
junit-3.02.0	6	88	13.424687043734846	1	41	218	1.1666666666666667	5.5	5.833333333333333	2.84934508216242	-950	0.8741083306936966
junit-3.04.0	7	78	11.28119258422836	2	36	205	1.2857142857142858	4.714285714285714	5.285714285714286	2.936001619602259	-669	0.8513961038961039
junit-3.05.0	7	100	15.898915378228843	2	51	277	1.2857142857142858	6.142857142857143	6.428571428571429	2.929417753202057	-1307	0.8755499108734401
junit-3.06.0	7	103	15.699993500583602	2	50	280	1.4285714285714286	6.142857142857143	6.571428571428571	2.951696135083642	-1323	0.8800607362562249
junit-3.07.0	7	99	15.569462523327713	2	50	274	1.4285714285714286	6.142857142857143	6.571428571428571	2.9214804473289484	-1259	0.875373840445269
junit-3.08.0	6	101	15.539376506868681	0	50	275	1.5	7.333333333333333	7.5	3.0167401315789473	-1278	0.8200092367949511
junit-3.08.1	6	100	15.184055965240498	0	49	276	1.5	7.333333333333333	7.5	3.0259369819726483	-1229	0.8184546604189462
junit-3.08.2	6	102	15.491933384829668	0	50	278	1.5	6.833333333333333	7.5	3.09919756341563	-1286	0.8245358015000872
junit-4.00.0	11	92	4.7915214374925235	0	17	341	2.5454545454545454	8.545454545454545	8.454545454545455	3.804324122345733	-235	0.8113540870893814
junit-4.01.0	11	96	4.9376274960001	0	18	359	2.5454545454545454	8.636363636363637	8.454545454545455	3.9824764090086577	-249	0.8103636633716849
junit-4.02.0	12	98	5.351531452667441	1	19	362	2.4166666666666665	8.083333333333334	7.833333333333333	3.9540801283695854	-267	0.8112080202531934
junit-4.03.1	12	99	5.3091901453988255	1	19	370	2.6666666666666665	8.333333333333334	8.083333333333334	3.9963558386249094	-266	0.8073802690570211
junit-4.04.0	20	154	4.960846701924986	0	21	571	2.8	7.4	8.35	6.8215124358722035	-396	0.7643253437738732
junit-4.05.0	26	188	4.635213813902409	2	18	702	3.3461538461538463	8.307692307692308	8.615384615384615	7.380093819964025	-447	0.7994659922049628
junit-4.06.0	28	204	4.510758115384842	2	18	779	3.5	8.892857142857142	8.785714285714286	8.504945977913783	-466	0.7863910191116074
junit-4.07.0	29	225	4.796947106835643	2	18	839	3.6551724137931036	9.241379310344827	9.10344827586207	9.023270981333807	-600	0.7873166503068464
junit-4.08.0	30	230	4.74224513167433	2	18	853	3.6666666666666665	9.1	9.0	9.659886483249986	-602	0.782412484224459
junit-4.08.1	30	230	4.74224513167433	2	18	853	3.6666666666666665	9.1	9.0	9.659886483249986	-602	0.782412484224459
junit-4.09.0	31	250	5.242109178263711	2	19	883	3.7096774193548385	9.483870967741936	9.161290322580646	9.45316601944232	-797	0.8154919075918328
junit-4.10.0	31	252	5.326391597561367	2	20	889	3.7419354838709675	9.612903225806452	9.193548387096774	9.44134752041312	-822	0.8158869652464185
junit-4.11.0	28	233	5.757315665609224	2	20	766	3.857142857142857	9.642857142857142	8.714285714285714	8.668989730520659	-847	0.8063131640263097
junit-4.12.0	30	286	6.525505514687903	2	27	1027	3.966666666666667	11.233333333333333	9.566666666666666	10.933470321636717	-1137	0.7811813659848269
junit-4.12.1	30	268	6.098815914221018	2	25	940	3.9	10.466666666666667	9.166666666666666	10.810995106694184	-963	0.775474704450545
junit-4.12.2	30	283	6.453336776858585	2	27	1012	3.966666666666667	11.133333333333333	9.566666666666666	10.91330453123041	-1114	0.7795010030041543
junit-4.12.3	30	286	6.525505514687903	2	27	1027	3.966666666666667	11.233333333333333	9.566666666666666	10.933470321636717	-1137	0.7811813659848268
junit-4.13.0	32	348	7.708558555268294	3	28	1283	4.125	12.5	10.46875	12.779236266252658	-1729	0.7861799046356537
