version	package	cbo	aff	eff	lcom	mf	cs
5.2.0	CH.ifa.draw.applet	4	3	31	0.6	0.32	-2
5.2.0	CH.ifa.draw.application	4	6	34	0.8	0.45569620253164556	-27
5.2.0	CH.ifa.draw.contrib	5	6	24	0.9415204678362573	0.34782608695652173	-141
5.2.0	CH.ifa.draw.figures	3	16	37	0.9625668449197861	0.26332288401253917	-489
5.2.0	CH.ifa.draw.framework	1	124	3	0.8758169934640523	0.16851441241685144	-91
5.2.0	CH.ifa.draw.samples.javadraw	7	0	41	0.9125	0.32558139534883723	-90
5.2.0	CH.ifa.draw.samples.net	5	0	20	0.5	0.08	1
5.2.0	CH.ifa.draw.samples.nothing	6	0	18	1.0	0.0	-1
5.2.0	CH.ifa.draw.samples.pert	6	0	28	0.65	0.22950819672131148	2
5.2.0	CH.ifa.draw.standard	2	60	29	0.9686868686868687	0.340036563071298	-1317
5.2.0	CH.ifa.draw.util	1	67	1	0.9683333333333334	0.20652173913043478	-272
5.3.0	CH.ifa.draw.applet	4	3	36	0.65	0.2641509433962264	-2
5.3.0	CH.ifa.draw.application	4	6	46	0.8	0.33962264150943394	-27
5.3.0	CH.ifa.draw.contrib	5	9	41	0.9571428571428572	0.4146341463414634	-523
5.3.0	CH.ifa.draw.figures	3	18	42	0.9640088593576965	0.2981651376146789	-801
5.3.0	CH.ifa.draw.framework	1	197	3	0.9069264069264069	0.12303290414878398	-163
5.3.0	CH.ifa.draw.samples.javadraw	7	0	50	0.9125	0.27631578947368424	-90
5.3.0	CH.ifa.draw.samples.net	5	0	20	0.5	0.08	1
5.3.0	CH.ifa.draw.samples.nothing	6	0	18	1.0	0.0	-1
5.3.0	CH.ifa.draw.samples.pert	6	0	28	0.65	0.22950819672131148	2
5.3.0	CH.ifa.draw.standard	3	86	40	0.9782661782661782	0.38197424892703863	-3791
5.3.0	CH.ifa.draw.util	2	116	21	0.9750290360046457	0.24431818181818182	-783
5.4.1	CH.ifa.draw.applet	4	3	37	0.65	0.25925925925925924	-2
5.4.1	CH.ifa.draw.framework	2	261	4	0.915	0.11422172452407615	-220
5.4.1	CH.ifa.draw.util	2	154	21	0.9723145071982281	0.2247191011235955	-811
5.4.1	CH.ifa.draw.util.collections.jdk11	1	0	1	0.75	0.9090909090909091	0
5.4.1	CH.ifa.draw.util.collections.jdk12	1	0	1	NaN	0.0	0
5.4.1	CH.ifa.draw.standard	4	113	47	0.9816532673675531	0.3469785575048733	-4551
5.4.1	CH.ifa.draw.application	5	9	51	0.8333333333333334	0.34375	-44
5.4.1	CH.ifa.draw.contrib	7	18	60	0.9750503018108652	0.47876447876447875	-2297
5.4.1	CH.ifa.draw.contrib.dnd	3	4	16	0.85	0.1875	-4
5.4.1	CH.ifa.draw.contrib.html	5	1	21	0.9473684210526315	0.7551020408163265	-567
5.4.1	CH.ifa.draw.contrib.zoom	4	1	19	0.8910256410256411	0.4927536231884058	-54
5.4.1	CH.ifa.draw.figures	3	25	50	0.9681159420289855	0.26993865030674846	-933
5.4.1	CH.ifa.draw.samples.javadraw	9	1	65	0.9154411764705882	0.26436781609195403	-104
5.4.1	CH.ifa.draw.samples.minimap	4	0	8	0.5	0.2	1
5.4.1	CH.ifa.draw.samples.net	5	0	21	0.5	0.07692307692307693	1
5.4.1	CH.ifa.draw.samples.nothing	6	0	18	1.0	0.0	-1
5.4.1	CH.ifa.draw.samples.pert	6	0	31	0.65	0.21212121212121213	2
5.4.2	CH.ifa.draw.framework	2	269	4	0.9184615384615384	0.11252653927813164	-241
5.4.2	CH.ifa.draw.util	2	155	24	0.9723145071982281	0.2188183807439825	-811
5.4.2	CH.ifa.draw.util.collections.jdk11	1	0	1	0.75	0.9090909090909091	0
5.4.2	CH.ifa.draw.util.collections.jdk12	1	0	1	NaN	0.0	0
5.4.2	CH.ifa.draw.standard	4	117	48	0.9815343613173425	0.3572744014732965	-4925
5.4.2	CH.ifa.draw.figures	3	25	50	0.9685990338164251	0.26639344262295084	-935
5.4.2	CH.ifa.draw.contrib.html	5	1	21	0.9473684210526315	0.7551020408163265	-567
5.4.2	CH.ifa.draw.contrib	7	18	57	0.9737851662404092	0.4785992217898833	-2160
5.4.2	CH.ifa.draw.contrib.zoom	4	2	19	0.8910256410256411	0.4857142857142857	-54
5.4.2	CH.ifa.draw.contrib.dnd	3	4	20	0.7888888888888889	0.40425531914893614	-17
5.4.2	CH.ifa.draw.application	5	8	52	0.8333333333333334	0.34375	-44
5.4.2	CH.ifa.draw.samples.net	5	0	21	0.5	0.07692307692307693	1
5.4.2	CH.ifa.draw.samples.nothing	6	0	18	1.0	0.0	-1
5.4.2	CH.ifa.draw.samples.pert	6	0	31	0.65	0.21212121212121213	2
5.4.2	CH.ifa.draw.samples.javadraw	9	0	66	0.9154411764705882	0.26285714285714284	-104
5.4.2	CH.ifa.draw.samples.minimap	4	0	8	0.5	0.2	1
5.4.2	CH.ifa.draw.applet	4	3	37	0.5	0.23076923076923078	0
6.0.1	org.jhotdraw.framework	2	269	4	0.9184615384615384	0.11252653927813164	-241
6.0.1	org.jhotdraw.util	2	155	24	0.9723145071982281	0.2188183807439825	-811
6.0.1	org.jhotdraw.util.collections.jdk11	1	0	1	0.75	0.9090909090909091	0
6.0.1	org.jhotdraw.util.collections.jdk12	1	0	1	NaN	0.0	0
6.0.1	org.jhotdraw.standard	4	117	48	0.9815343613173425	0.3572744014732965	-4925
6.0.1	org.jhotdraw.figures	3	25	50	0.9685990338164251	0.26639344262295084	-935
6.0.1	org.jhotdraw.contrib.html	5	1	21	0.9473684210526315	0.7551020408163265	-567
6.0.1	org.jhotdraw.contrib	7	18	57	0.9737851662404092	0.4785992217898833	-2160
6.0.1	org.jhotdraw.contrib.zoom	4	2	19	0.8910256410256411	0.4857142857142857	-54
6.0.1	org.jhotdraw.contrib.dnd	3	4	20	0.7888888888888889	0.40425531914893614	-17
6.0.1	org.jhotdraw.application	5	8	52	0.8333333333333334	0.34375	-44
6.0.1	org.jhotdraw.samples.javadraw	9	0	66	0.9154411764705882	0.26285714285714284	-104
6.0.1	org.jhotdraw.samples.nothing	6	0	18	1.0	0.0	-1
6.0.1	org.jhotdraw.samples.net	5	0	21	0.5	0.07692307692307693	1
6.0.1	org.jhotdraw.samples.pert	6	0	31	0.65	0.21212121212121213	2
6.0.1	org.jhotdraw.samples.minimap	4	0	8	0.5	0.2	1
6.0.1	org.jhotdraw.applet	4	3	37	0.5	0.23076923076923078	0
7.0.6	nanoxml	0	2	0	0.5	0.5	1
7.0.6	org.jhotdraw.app	4	51	26	0.8095238095238095	0.43478260869565216	-43
7.0.6	org.jhotdraw.app.action	5	3	11	0.9755415793151643	0.4605263157894737	-1345
7.0.6	org.jhotdraw.beans	0	4	0	NaN	0.0	0
7.0.6	org.jhotdraw.draw	7	53	22	0.9650831624515835	0.7794024157660522	-7674
7.0.6	org.jhotdraw.draw.action	5	2	31	0.9655367231638418	0.547085201793722	-1592
7.0.6	org.jhotdraw.geom	1	44	3	0.8555555555555555	0.26262626262626265	-23
7.0.6	org.jhotdraw.gui	2	8	3	0.8363636363636363	0.7346938775510204	-37
7.0.6	org.jhotdraw.gui.datatransfer	0	1	0	NaN	0.0	0
7.0.6	org.jhotdraw.gui.event	1	19	1	0.5	0.06060606060606061	1
7.0.6	org.jhotdraw.io	0	3	0	NaN	0.0	0
7.0.6	org.jhotdraw.samples.draw	8	0	58	0.7666666666666667	0.14736842105263157	-5
7.0.6	org.jhotdraw.undo	1	23	1	0.65	0.34146341463414637	-2
7.0.6	org.jhotdraw.util	0	76	0	0.9	0.07142857142857142	-11
7.0.6	org.jhotdraw.util.prefs	0	1	0	0.65	0.9333333333333333	-2
7.0.6	org.jhotdraw.xml	1	20	1	0.8035714285714286	0.3384615384615385	-6
7.0.7	nanoxml	0	2	0	0.5	0.5	1
7.0.7	org.jhotdraw.app	4	58	31	0.8421052631578947	0.43724696356275305	-87
7.0.7	org.jhotdraw.app.action	5	4	11	0.9787506400409626	0.44623655913978494	-1851
7.0.7	org.jhotdraw.beans	0	4	0	NaN	0.0	0
7.0.7	org.jhotdraw.draw	7	53	22	0.9650831624515835	0.7794024157660522	-7674
7.0.7	org.jhotdraw.draw.action	5	2	31	0.9655367231638418	0.547085201793722	-1592
7.0.7	org.jhotdraw.geom	1	44	3	0.8555555555555555	0.26262626262626265	-23
7.0.7	org.jhotdraw.gui	2	10	3	0.8363636363636363	0.7058823529411765	-37
7.0.7	org.jhotdraw.gui.datatransfer	0	1	0	NaN	0.0	0
7.0.7	org.jhotdraw.gui.event	1	23	1	0.5	0.05128205128205128	1
7.0.7	org.jhotdraw.io	0	3	0	NaN	0.0	0
7.0.7	org.jhotdraw.samples.draw	8	0	59	0.7666666666666667	0.14583333333333334	-5
7.0.7	org.jhotdraw.undo	1	23	1	0.65	0.34146341463414637	-2
7.0.7	org.jhotdraw.util	0	82	0	0.9	0.06593406593406594	-11
7.0.7	org.jhotdraw.util.prefs	0	2	0	0.65	0.875	-2
7.0.7	org.jhotdraw.xml	1	20	1	0.8035714285714286	0.3384615384615385	-6
7.0.8	net.n3.nanoxml	0	2	0	0.8916666666666667	0.935251798561151	-174
7.0.8	org.jhotdraw.app	5	59	33	0.8447368421052631	0.44696969696969696	-98
7.0.8	org.jhotdraw.app.action	5	5	11	0.9792540792540793	0.4564102564102564	-2033
7.0.8	org.jhotdraw.beans	0	4	0	NaN	0.0	0
7.0.8	org.jhotdraw.draw	9	53	27	0.9681513409961686	0.7732558139534884	-9238
7.0.8	org.jhotdraw.draw.action	5	2	31	0.9655367231638418	0.547085201793722	-1592
7.0.8	org.jhotdraw.geom	0	46	0	0.8712121212121212	0.2956521739130435	-40
7.0.8	org.jhotdraw.gui	2	24	3	0.8717948717948718	0.5797101449275363	-58
7.0.8	org.jhotdraw.gui.datatransfer	0	3	0	1.0	0.0	-3
7.0.8	org.jhotdraw.gui.event	1	23	1	0.5	0.05128205128205128	1
7.0.8	org.jhotdraw.io	0	7	0	0.6666666666666666	0.5333333333333333	-2
7.0.8	org.jhotdraw.samples.draw	8	0	66	0.7666666666666667	0.1308411214953271	-5
7.0.8	org.jhotdraw.undo	1	24	1	0.65	0.3333333333333333	-2
7.0.8	org.jhotdraw.util	0	79	0	0.9166666666666666	0.024096385542168676	-4
7.0.8	org.jhotdraw.util.prefs	0	3	0	0.65	0.8235294117647058	-2
7.0.8	org.jhotdraw.xml	1	21	7	0.8035714285714286	0.3013698630136986	-6
7.0.9	net.n3.nanoxml	0	2	0	0.8916666666666667	0.935251798561151	-174
7.0.9	org.jhotdraw.app	5	57	33	0.8523809523809524	0.46096654275092935	-114
7.0.9	org.jhotdraw.app.action	5	6	11	0.9796472184531886	0.45226130653266333	-2097
7.0.9	org.jhotdraw.beans	0	5	0	NaN	0.0	0
7.0.9	org.jhotdraw.draw	11	69	44	0.9721400725904019	0.772960372960373	-13386
7.0.9	org.jhotdraw.draw.action	7	4	34	0.9735915492957746	0.4891304347826087	-2368
7.0.9	org.jhotdraw.geom	0	53	0	0.8791208791208791	0.3283582089552239	-57
7.0.9	org.jhotdraw.gui	3	33	5	0.8970588235294118	0.5833333333333334	-106
7.0.9	org.jhotdraw.gui.datatransfer	0	3	0	1.0	0.0	-3
7.0.9	org.jhotdraw.gui.event	1	23	1	0.5	0.05128205128205128	1
7.0.9	org.jhotdraw.io	0	8	0	0.6666666666666666	0.5	-2
7.0.9	org.jhotdraw.samples.draw	8	0	67	0.7666666666666667	0.12612612612612611	-5
7.0.9	org.jhotdraw.samples.svg	1	0	4	0.5833333333333334	0.6666666666666666	0
7.0.9	org.jhotdraw.undo	1	16	1	0.65	0.4117647058823529	-2
7.0.9	org.jhotdraw.util	0	110	0	0.9166666666666666	0.01694915254237288	-4
7.0.9	org.jhotdraw.util.prefs	0	3	0	0.65	0.8235294117647058	-2
7.0.9	org.jhotdraw.xml	1	21	7	0.8035714285714286	0.3013698630136986	-6
7.1.0	ch.randelshofer.quaqua	5	82	31	0.9916146351763038	0.8122717311906501	-32353
7.1.0	ch.randelshofer.quaqua.colorchooser	2	2	4	0.9753086419753086	0.9479768786127167	-3091
7.1.0	ch.randelshofer.quaqua.datatransfer	0	1	0	0.8	0.8	-2
7.1.0	ch.randelshofer.quaqua.ext.base64	0	3	0	0.3333333333333333	0.7272727272727273	1
7.1.0	ch.randelshofer.quaqua.ext.batik.ext.awt	0	1	0	0.8	0.9230769230769231	-5
7.1.0	ch.randelshofer.quaqua.ext.batik.ext.awt.image	3	9	10	0.906896551724138	0.8950276243093923	-325
7.1.0	ch.randelshofer.quaqua.ext.batik.ext.awt.image.codec.tiff	2	2	5	0.7857142857142857	0.6	-3
7.1.0	ch.randelshofer.quaqua.ext.batik.ext.awt.image.codec.util	1	6	1	0.75	0.6829268292682927	-6
7.1.0	ch.randelshofer.quaqua.ext.batik.ext.awt.image.renderable	0	1	0	NaN	0.0	0
7.1.0	ch.randelshofer.quaqua.ext.batik.ext.awt.image.rendered	2	2	7	0.895	0.8181818181818182	-190
7.1.0	ch.randelshofer.quaqua.ext.batik.i18n	0	1	0	0.6666666666666666	0.8	1
7.1.0	ch.randelshofer.quaqua.ext.batik.util	0	6	0	0.7678571428571429	0.7428571428571429	-12
7.1.0	ch.randelshofer.quaqua.ext.nanoxml	0	4	0	0.5	0.2222222222222222	1
7.1.0	ch.randelshofer.quaqua.filechooser	4	46	13	0.8866666666666667	0.5375494071146245	-194
7.1.0	ch.randelshofer.quaqua.jaguar	3	1	20	0.9283333333333333	0.6417910447761194	-252
7.1.0	ch.randelshofer.quaqua.jaguar.filechooser	1	0	1	-0.0	0.8	1
7.1.0	ch.randelshofer.quaqua.leopard	5	0	21	0.9276923076923077	0.5987261146496815	-271
7.1.0	ch.randelshofer.quaqua.leopard.filechooser	5	2	15	0.8583333333333333	0.6666666666666666	-76
7.1.0	ch.randelshofer.quaqua.osx	4	2	8	NaN	0.0	0
7.1.0	ch.randelshofer.quaqua.panther	5	0	27	0.9521276595744681	0.7297297297297297	-996
7.1.0	ch.randelshofer.quaqua.panther.filechooser	5	4	16	0.8571428571428571	0.5842696629213483	-59
7.1.0	ch.randelshofer.quaqua.subset	2	0	6	0.8333333333333334	0.6666666666666666	-24
7.1.0	ch.randelshofer.quaqua.tiger	2	0	5	0.8333333333333334	0.2222222222222222	-2
7.1.0	ch.randelshofer.quaqua.tiger.filechooser	1	0	1	-0.0	0.8	1
7.1.0	ch.randelshofer.quaqua.util	3	112	9	0.9822775263951734	0.3081967213114754	-1260
7.1.0	net.n3.nanoxml	0	2	0	0.8916666666666667	0.935251798561151	-174
7.1.0	net.roydesign.app	1	1	1	0.7619047619047619	0.6666666666666666	-9
7.1.0	net.roydesign.event	0	3	0	NaN	0.0	0
7.1.0	net.roydesign.io	1	1	1	0.6666666666666666	0.5	-1
7.1.0	net.roydesign.mac	1	18	1	0.8833333333333333	0.8376068376068376	-136
7.1.0	net.roydesign.ui	2	0	2	0.9238095238095239	0.7804878048780488	-81
7.1.0	org.jhotdraw.app	7	59	37	0.8804347826086957	0.4631578947368421	-174
7.1.0	org.jhotdraw.app.action	6	6	14	0.9798733604703754	0.44168734491315137	-2101
7.1.0	org.jhotdraw.beans	0	23	0	NaN	0.0	0
7.1.0	org.jhotdraw.draw	11	69	45	0.9722650231124808	0.7748878923766817	-14012
7.1.0	org.jhotdraw.draw.action	7	4	33	0.9732394366197183	0.49812734082397003	-2301
7.1.0	org.jhotdraw.geom	0	54	0	0.8791208791208791	0.3235294117647059	-57
7.1.0	org.jhotdraw.gui	3	35	5	0.8970588235294118	0.5714285714285714	-106
7.1.0	org.jhotdraw.gui.datatransfer	1	4	1	0.9166666666666666	0.2857142857142857	-4
7.1.0	org.jhotdraw.gui.event	1	21	1	0.5	0.05555555555555555	1
7.1.0	org.jhotdraw.io	0	9	0	0.6666666666666666	0.47058823529411764	-2
7.1.0	org.jhotdraw.samples.draw	8	0	68	0.7857142857142857	0.15254237288135594	-9
7.1.0	org.jhotdraw.samples.svg	1	0	4	0.5833333333333334	0.6666666666666666	0
7.1.0	org.jhotdraw.undo	1	15	1	0.65	0.42424242424242425	-2
7.1.0	org.jhotdraw.util	0	114	0	0.95	0.01639344262295082	-8
7.1.0	org.jhotdraw.util.prefs	0	3	0	0.65	0.8235294117647058	-2
7.1.0	org.jhotdraw.xml	1	22	7	0.8035714285714286	0.29333333333333333	-6
7.2.0	net.n3.nanoxml	0	2	0	0.8916666666666667	0.935251798561151	-174
7.2.0	org.apache.batik.ext.awt	1	2	1	0.4666666666666667	0.7804878048780488	13
7.2.0	org.apache.batik.ext.awt.image	0	1	0	NaN	0.0	0
7.2.0	org.jhotdraw.app	0	4	0	NaN	0.0	0
7.2.0	org.jhotdraw.app.action	2	3	2	0.9642857142857143	0.14814814814814814	-26
7.2.0	org.jhotdraw.beans	0	21	0	NaN	0.0	0
7.2.0	org.jhotdraw.draw	11	75	46	0.9732297063903281	0.786053882725832	-16732
7.2.0	org.jhotdraw.draw.action	7	3	38	0.9747747747747748	0.4878048780487805	-2575
7.2.0	org.jhotdraw.geom	0	56	0	0.8681318681318682	0.3221476510067114	-53
7.2.0	org.jhotdraw.gui	4	13	10	0.8194444444444444	0.5	-22
7.2.0	org.jhotdraw.gui.datatransfer	1	4	1	0.9166666666666666	0.2857142857142857	-4
7.2.0	org.jhotdraw.gui.fontchooser	1	4	1	0.7380952380952381	0.6111111111111112	-5
7.2.0	org.jhotdraw.gui.plaf	0	2	0	NaN	0.0	0
7.2.0	org.jhotdraw.gui.plaf.palette	5	1	11	0.8653846153846154	0.7	-44
7.2.0	org.jhotdraw.io	0	5	0	0.6666666666666666	0.6153846153846154	-2
7.2.0	org.jhotdraw.samples.draw	7	0	71	0.7142857142857143	0.2302158273381295	-4
7.2.0	org.jhotdraw.samples.svg	2	0	5	0.5833333333333334	0.625	0
7.2.0	org.jhotdraw.undo	1	8	1	0.65	0.5384615384615384	-2
7.2.0	org.jhotdraw.util	0	94	0	0.95	0.020202020202020204	-8
7.2.0	org.jhotdraw.xml	1	25	7	0.7380952380952381	0.2619047619047619	1
7.3.0	ch.randelshofer.quaqua	8	91	41	0.9913884113051609	0.8025298664792692	-32333
7.3.0	ch.randelshofer.quaqua.border	2	25	4	0.946969696969697	0.25925925925925924	-58
7.3.0	ch.randelshofer.quaqua.color	2	29	2	0.9047619047619048	0.1509433962264151	-15
7.3.0	ch.randelshofer.quaqua.colorchooser	1	2	3	0.9753086419753086	0.9507246376811594	-3091
7.3.0	ch.randelshofer.quaqua.datatransfer	0	1	0	0.8	0.8	-2
7.3.0	ch.randelshofer.quaqua.ext.base64	0	3	0	0.3333333333333333	0.7272727272727273	1
7.3.0	ch.randelshofer.quaqua.ext.batik.ext.awt	1	2	1	0.8333333333333334	0.9361702127659575	-28
7.3.0	ch.randelshofer.quaqua.ext.batik.ext.awt.image	3	10	10	0.906896551724138	0.8901098901098901	-325
7.3.0	ch.randelshofer.quaqua.ext.batik.ext.awt.image.codec.tiff	2	3	5	0.7857142857142857	0.5625	-3
7.3.0	ch.randelshofer.quaqua.ext.batik.ext.awt.image.codec.util	1	7	1	0.75	0.6363636363636364	-6
7.3.0	ch.randelshofer.quaqua.ext.batik.ext.awt.image.renderable	0	1	0	NaN	0.0	0
7.3.0	ch.randelshofer.quaqua.ext.batik.ext.awt.image.rendered	2	2	7	0.895	0.8181818181818182	-190
7.3.0	ch.randelshofer.quaqua.ext.batik.i18n	0	1	0	0.6666666666666666	0.8	1
7.3.0	ch.randelshofer.quaqua.ext.batik.util	0	6	0	0.7678571428571429	0.7428571428571429	-12
7.3.0	ch.randelshofer.quaqua.ext.nanoxml	0	4	0	0.5	0.2222222222222222	1
7.3.0	ch.randelshofer.quaqua.filechooser	3	43	8	0.895	0.5338983050847458	-206
7.3.0	ch.randelshofer.quaqua.icon	2	1	2	0.9047619047619048	0.42105263157894735	-13
7.3.0	ch.randelshofer.quaqua.jaguar	4	1	19	0.9283333333333333	0.6466165413533834	-252
7.3.0	ch.randelshofer.quaqua.jaguar.filechooser	1	0	1	NaN	0.0	0
7.3.0	ch.randelshofer.quaqua.leopard	7	1	23	0.9301994301994302	0.5975609756097561	-291
7.3.0	ch.randelshofer.quaqua.leopard.filechooser	6	2	15	0.8351648351648352	0.6593406593406593	-51
7.3.0	ch.randelshofer.quaqua.osx	4	21	8	1.0	0.0	-10
7.3.0	ch.randelshofer.quaqua.panther	7	0	25	0.9521276595744681	0.7346938775510204	-996
7.3.0	ch.randelshofer.quaqua.panther.filechooser	6	4	14	0.8461538461538461	0.5714285714285714	-48
7.3.0	ch.randelshofer.quaqua.snow_leopard	5	0	11	1.0	0.0	-1
7.3.0	ch.randelshofer.quaqua.snow_leopard.filechooser	2	0	2	NaN	0.0	0
7.3.0	ch.randelshofer.quaqua.subset	3	0	5	0.6666666666666666	0.5333333333333333	-2
7.3.0	ch.randelshofer.quaqua.tiger	3	0	6	0.8333333333333334	0.2222222222222222	-2
7.3.0	ch.randelshofer.quaqua.tiger.filechooser	1	0	1	NaN	0.0	0
7.3.0	ch.randelshofer.quaqua.util	4	102	7	0.973015873015873	0.2982456140350877	-588
7.3.0	net.n3.nanoxml	0	2	0	0.8916666666666667	0.935251798561151	-174
7.3.0	net.roydesign.app	1	1	1	0.7619047619047619	0.6451612903225806	-9
7.3.0	net.roydesign.event	0	3	0	NaN	0.0	0
7.3.0	net.roydesign.io	1	1	1	0.6666666666666666	0.5	-1
7.3.0	net.roydesign.mac	1	18	1	0.8833333333333333	0.8376068376068376	-136
7.3.0	net.roydesign.ui	2	0	2	0.9238095238095239	0.7804878048780488	-81
7.3.0	org.apache.batik.ext.awt	1	2	1	0.4666666666666667	0.7804878048780488	13
7.3.0	org.apache.batik.ext.awt.image	0	1	0	NaN	0.0	0
7.3.0	org.jhotdraw.app	7	59	38	0.8804347826086957	0.44	-172
7.3.0	org.jhotdraw.app.action	8	9	18	0.980325644504749	0.4142857142857143	-2101
7.3.0	org.jhotdraw.beans	0	37	0	0.9166666666666666	0.047619047619047616	-4
7.3.0	org.jhotdraw.draw	11	76	46	0.9741959798994975	0.7771471812334468	-18042
7.3.0	org.jhotdraw.draw.action	8	4	37	0.971830985915493	0.49645390070921985	-2285
7.3.0	org.jhotdraw.geom	0	57	0	0.8681318681318682	0.32	-53
7.3.0	org.jhotdraw.gui	5	35	12	0.9264069264069265	0.53125	-195
7.3.0	org.jhotdraw.gui.datatransfer	1	7	1	0.9107142857142857	0.5555555555555556	-18
7.3.0	org.jhotdraw.gui.event	3	20	10	0.8333333333333334	0.046511627906976744	-1
7.3.0	org.jhotdraw.gui.fontchooser	1	4	1	0.7380952380952381	0.6111111111111112	-5
7.3.0	org.jhotdraw.gui.plaf	0	2	0	NaN	0.0	0
7.3.0	org.jhotdraw.gui.plaf.palette	5	2	11	0.8846153846153846	0.6885245901639344	-57
7.3.0	org.jhotdraw.io	0	9	0	0.6666666666666666	0.47058823529411764	-2
7.3.0	org.jhotdraw.samples.draw	9	0	84	0.8626373626373627	0.21551724137931033	-55
7.3.0	org.jhotdraw.undo	1	11	1	0.65	0.4827586206896552	-2
7.3.0	org.jhotdraw.util	0	129	0	0.95	0.014492753623188406	-8
7.3.0	org.jhotdraw.util.prefs	0	5	0	0.7	0.782608695652174	-5
7.3.0	org.jhotdraw.xml	2	27	8	0.7380952380952381	0.24444444444444444	1
7.3.1	ch.randelshofer.quaqua	8	92	41	0.9913884113051609	0.8019662921348315	-32331
7.3.1	ch.randelshofer.quaqua.border	2	25	4	0.946969696969697	0.25925925925925924	-58
7.3.1	ch.randelshofer.quaqua.color	2	29	2	0.9047619047619048	0.1509433962264151	-15
7.3.1	ch.randelshofer.quaqua.colorchooser	1	2	4	0.9753086419753086	0.9479768786127167	-3091
7.3.1	ch.randelshofer.quaqua.datatransfer	0	1	0	0.8	0.8	-2
7.3.1	ch.randelshofer.quaqua.ext.base64	0	3	0	0.3333333333333333	0.7272727272727273	1
7.3.1	ch.randelshofer.quaqua.ext.batik.ext.awt	1	2	1	0.8333333333333334	0.9361702127659575	-28
7.3.1	ch.randelshofer.quaqua.ext.batik.ext.awt.image	3	10	10	0.906896551724138	0.8901098901098901	-325
7.3.1	ch.randelshofer.quaqua.ext.batik.ext.awt.image.codec.tiff	2	3	5	0.7857142857142857	0.5625	-3
7.3.1	ch.randelshofer.quaqua.ext.batik.ext.awt.image.codec.util	1	7	1	0.75	0.6363636363636364	-6
7.3.1	ch.randelshofer.quaqua.ext.batik.ext.awt.image.renderable	0	1	0	NaN	0.0	0
7.3.1	ch.randelshofer.quaqua.ext.batik.ext.awt.image.rendered	2	2	7	0.895	0.8181818181818182	-190
7.3.1	ch.randelshofer.quaqua.ext.batik.i18n	0	1	0	0.6666666666666666	0.8	1
7.3.1	ch.randelshofer.quaqua.ext.batik.util	0	6	0	0.7678571428571429	0.7428571428571429	-12
7.3.1	ch.randelshofer.quaqua.ext.nanoxml	0	4	0	0.5	0.2222222222222222	1
7.3.1	ch.randelshofer.quaqua.filechooser	3	43	8	0.895	0.5338983050847458	-206
7.3.1	ch.randelshofer.quaqua.icon	2	1	2	0.9047619047619048	0.42105263157894735	-13
7.3.1	ch.randelshofer.quaqua.jaguar	4	1	19	0.9283333333333333	0.6466165413533834	-252
7.3.1	ch.randelshofer.quaqua.jaguar.filechooser	1	0	1	NaN	0.0	0
7.3.1	ch.randelshofer.quaqua.leopard	7	1	23	0.9301994301994302	0.5975609756097561	-291
7.3.1	ch.randelshofer.quaqua.leopard.filechooser	6	2	15	0.8351648351648352	0.6593406593406593	-51
7.3.1	ch.randelshofer.quaqua.osx	4	22	8	1.0	0.0	-10
7.3.1	ch.randelshofer.quaqua.panther	7	0	25	0.9521276595744681	0.7346938775510204	-996
7.3.1	ch.randelshofer.quaqua.panther.filechooser	6	4	14	0.8461538461538461	0.5714285714285714	-48
7.3.1	ch.randelshofer.quaqua.snow_leopard	5	0	11	1.0	0.0	-1
7.3.1	ch.randelshofer.quaqua.snow_leopard.filechooser	2	0	2	NaN	0.0	0
7.3.1	ch.randelshofer.quaqua.subset	3	0	5	0.6666666666666666	0.5333333333333333	-2
7.3.1	ch.randelshofer.quaqua.tiger	3	0	6	0.8333333333333334	0.2222222222222222	-2
7.3.1	ch.randelshofer.quaqua.tiger.filechooser	1	0	1	NaN	0.0	0
7.3.1	ch.randelshofer.quaqua.util	4	102	7	0.973015873015873	0.2982456140350877	-588
7.3.1	net.n3.nanoxml	0	2	0	0.8916666666666667	0.935251798561151	-174
7.3.1	net.roydesign.app	1	1	1	0.7619047619047619	0.6451612903225806	-9
7.3.1	net.roydesign.event	0	3	0	NaN	0.0	0
7.3.1	net.roydesign.io	1	1	1	0.6666666666666666	0.5	-1
7.3.1	net.roydesign.mac	1	18	1	0.8833333333333333	0.8376068376068376	-136
7.3.1	net.roydesign.ui	2	0	2	0.9238095238095239	0.7804878048780488	-81
7.3.1	org.apache.batik.ext.awt	1	2	1	0.4666666666666667	0.7804878048780488	13
7.3.1	org.apache.batik.ext.awt.image	0	1	0	NaN	0.0	0
7.3.1	org.jhotdraw.app	7	59	38	0.8804347826086957	0.44	-172
7.3.1	org.jhotdraw.app.action	8	9	18	0.980325644504749	0.4142857142857143	-2101
7.3.1	org.jhotdraw.beans	0	37	0	0.9166666666666666	0.047619047619047616	-4
7.3.1	org.jhotdraw.draw	11	76	46	0.9743532338308458	0.777526395173454	-18236
7.3.1	org.jhotdraw.draw.action	8	4	37	0.971830985915493	0.49645390070921985	-2285
7.3.1	org.jhotdraw.geom	0	57	0	0.8681318681318682	0.32	-53
7.3.1	org.jhotdraw.gui	5	35	12	0.9264069264069265	0.53125	-195
7.3.1	org.jhotdraw.gui.datatransfer	2	7	2	0.8888888888888888	0.64	-20
7.3.1	org.jhotdraw.gui.event	3	20	10	0.8333333333333334	0.046511627906976744	-1
7.3.1	org.jhotdraw.gui.fontchooser	1	4	1	0.7380952380952381	0.6111111111111112	-5
7.3.1	org.jhotdraw.gui.plaf	0	2	0	NaN	0.0	0
7.3.1	org.jhotdraw.gui.plaf.palette	5	2	11	0.8846153846153846	0.6885245901639344	-57
7.3.1	org.jhotdraw.io	0	9	0	0.6666666666666666	0.47058823529411764	-2
7.3.1	org.jhotdraw.samples.draw	9	0	84	0.8626373626373627	0.21551724137931033	-55
7.3.1	org.jhotdraw.undo	1	11	1	0.65	0.4827586206896552	-2
7.3.1	org.jhotdraw.util	0	130	0	0.95	0.014388489208633094	-8
7.3.1	org.jhotdraw.util.prefs	0	5	0	0.7	0.782608695652174	-5
7.3.1	org.jhotdraw.xml	2	27	8	0.7380952380952381	0.24444444444444444	1
7.4.1	ch.randelshofer.quaqua	8	92	41	0.9914100146658286	0.8022361984626135	-32585
7.4.1	ch.randelshofer.quaqua.border	2	25	4	0.946969696969697	0.25925925925925924	-58
7.4.1	ch.randelshofer.quaqua.color	2	29	2	0.9047619047619048	0.1509433962264151	-15
7.4.1	ch.randelshofer.quaqua.colorchooser	1	2	4	0.9753086419753086	0.9479768786127167	-3091
7.4.1	ch.randelshofer.quaqua.datatransfer	0	1	0	0.8	0.8	-2
7.4.1	ch.randelshofer.quaqua.ext.base64	0	3	0	0.3333333333333333	0.7272727272727273	1
7.4.1	ch.randelshofer.quaqua.ext.batik.ext.awt	1	3	1	0.8333333333333334	0.9166666666666666	-28
7.4.1	ch.randelshofer.quaqua.ext.batik.ext.awt.image	3	6	7	0.9080459770114943	0.9248554913294798	-327
7.4.1	ch.randelshofer.quaqua.ext.batik.ext.awt.image.codec.tiff	2	3	5	0.7857142857142857	0.5625	-3
7.4.1	ch.randelshofer.quaqua.ext.batik.ext.awt.image.codec.util	1	7	1	0.75	0.6363636363636364	-6
7.4.1	ch.randelshofer.quaqua.ext.batik.ext.awt.image.renderable	0	1	0	NaN	0.0	0
7.4.1	ch.randelshofer.quaqua.ext.batik.ext.awt.image.rendered	1	2	1	0.8727272727272727	0.7	-27
7.4.1	ch.randelshofer.quaqua.ext.batik.i18n	0	1	0	0.6666666666666666	0.8	1
7.4.1	ch.randelshofer.quaqua.ext.nanoxml	0	4	0	0.5	0.2222222222222222	1
7.4.1	ch.randelshofer.quaqua.filechooser	3	43	8	0.895	0.5338983050847458	-206
7.4.1	ch.randelshofer.quaqua.icon	2	1	2	0.9047619047619048	0.42105263157894735	-13
7.4.1	ch.randelshofer.quaqua.jaguar	4	1	19	0.9283333333333333	0.6466165413533834	-252
7.4.1	ch.randelshofer.quaqua.jaguar.filechooser	1	0	1	NaN	0.0	0
7.4.1	ch.randelshofer.quaqua.leopard	7	1	23	0.9301994301994302	0.5975609756097561	-291
7.4.1	ch.randelshofer.quaqua.leopard.filechooser	6	2	15	0.8351648351648352	0.6593406593406593	-51
7.4.1	ch.randelshofer.quaqua.osx	4	22	8	1.0	0.0	-10
7.4.1	ch.randelshofer.quaqua.panther	7	0	25	0.9521276595744681	0.7346938775510204	-996
7.4.1	ch.randelshofer.quaqua.panther.filechooser	6	4	14	0.8461538461538461	0.5714285714285714	-48
7.4.1	ch.randelshofer.quaqua.snow_leopard	5	0	11	1.0	0.0	-1
7.4.1	ch.randelshofer.quaqua.snow_leopard.filechooser	2	0	2	NaN	0.0	0
7.4.1	ch.randelshofer.quaqua.subset	3	0	5	0.6666666666666666	0.5333333333333333	-2
7.4.1	ch.randelshofer.quaqua.tiger	3	0	6	0.8333333333333334	0.2222222222222222	-2
7.4.1	ch.randelshofer.quaqua.tiger.filechooser	1	0	1	NaN	0.0	0
7.4.1	ch.randelshofer.quaqua.util	4	102	7	0.973015873015873	0.2982456140350877	-588
7.4.1	net.n3.nanoxml	0	2	0	0.8916666666666667	0.935251798561151	-174
7.4.1	org.jhotdraw.app	12	73	40	0.8578947368421053	0.36486486486486486	-104
7.4.1	org.jhotdraw.app.action	7	30	15	0.8910256410256411	0.3541666666666667	-60
7.4.1	org.jhotdraw.app.action.app	7	2	13	0.925	0.3050847457627119	-102
7.4.1	org.jhotdraw.app.action.edit	5	4	8	0.9615384615384616	0.17647058823529413	-72
7.4.1	org.jhotdraw.app.action.file	8	5	17	0.9621212121212122	0.33472803347280333	-484
7.4.1	org.jhotdraw.app.action.window	4	3	6	0.8928571428571429	0.36363636363636365	-22
7.4.1	org.jhotdraw.app.osx	1	1	2	0.7619047619047619	0.7407407407407407	-11
7.4.1	org.jhotdraw.beans	0	39	0	0.9166666666666666	0.045454545454545456	-4
7.4.1	org.jhotdraw.draw	19	190	80	0.9491891891891892	0.4	-2291
7.4.1	org.jhotdraw.draw.action	11	4	38	0.9716297786720322	0.49823321554770317	-2283
7.4.1	org.jhotdraw.draw.connector	4	17	15	0.8787878787878788	0.3018867924528302	-42
7.4.1	org.jhotdraw.draw.decoration	3	7	7	0.6666666666666666	0.19047619047619047	1
7.4.1	org.jhotdraw.draw.event	6	65	13	0.9736842105263158	0.1258741258741259	-153
7.4.1	org.jhotdraw.draw.handle	10	24	34	0.9444444444444444	0.4397705544933078	-855
7.4.1	org.jhotdraw.draw.io	6	6	17	0.8333333333333334	0.16666666666666666	-5
7.4.1	org.jhotdraw.draw.layouter	1	2	1	NaN	0.0	0
7.4.1	org.jhotdraw.draw.liner	5	8	11	0.6666666666666666	0.09523809523809523	1
7.4.1	org.jhotdraw.draw.locator	3	22	10	0.6666666666666666	0.12121212121212122	2
7.4.1	org.jhotdraw.draw.print	1	1	2	-0.0	0.5714285714285714	1
7.4.1	org.jhotdraw.draw.text	2	4	7	0.6666666666666666	0.3333333333333333	-2
7.4.1	org.jhotdraw.draw.tool	9	22	31	0.9347290640394089	0.3882783882783883	-322
7.4.1	org.jhotdraw.geom	0	57	0	0.8681318681318682	0.32	-53
7.4.1	org.jhotdraw.gui	5	56	12	0.9353846153846154	0.43523316062176165	-277
7.4.1	org.jhotdraw.gui.datatransfer	2	6	2	0.8888888888888888	0.6666666666666666	-20
7.4.1	org.jhotdraw.gui.event	4	28	11	0.8333333333333334	0.03636363636363636	-1
7.4.1	org.jhotdraw.gui.fontchooser	1	4	1	0.7380952380952381	0.6111111111111112	-5
7.4.1	org.jhotdraw.gui.plaf	0	2	0	NaN	0.0	0
7.4.1	org.jhotdraw.gui.plaf.palette	4	2	7	0.8846153846153846	0.7924528301886793	-57
7.4.1	org.jhotdraw.io	0	9	0	0.6666666666666666	0.47058823529411764	-2
7.4.1	org.jhotdraw.net	0	17	0	NaN	0.0	0
7.4.1	org.jhotdraw.samples.draw	16	0	86	0.8626373626373627	0.2109704641350211	-55
7.4.1	org.jhotdraw.undo	1	11	1	0.65	0.4827586206896552	-2
7.4.1	org.jhotdraw.util	0	136	0	0.95	0.013986013986013986	-8
7.4.1	org.jhotdraw.util.prefs	0	6	0	0.7380952380952381	0.7857142857142857	-9
7.4.1	org.jhotdraw.xml	2	27	8	0.7380952380952381	0.24444444444444444	1
7.5.1	ch.randelshofer.quaqua	8	85	41	0.9912150687046473	0.8134381701215153	-31571
7.5.1	ch.randelshofer.quaqua.border	2	19	4	0.946969696969697	0.2916666666666667	-58
7.5.1	ch.randelshofer.quaqua.color	2	28	2	0.8928571428571429	0.21818181818181817	-20
7.5.1	ch.randelshofer.quaqua.colorchooser	1	2	4	0.9753086419753086	0.9507246376811594	-3091
7.5.1	ch.randelshofer.quaqua.datatransfer	0	1	0	0.8	0.8	-2
7.5.1	ch.randelshofer.quaqua.ext.base64	0	3	0	0.3333333333333333	0.7272727272727273	1
7.5.1	ch.randelshofer.quaqua.ext.batik.ext.awt	1	3	1	0.8333333333333334	0.9166666666666666	-28
7.5.1	ch.randelshofer.quaqua.ext.batik.ext.awt.image	3	6	7	0.9080459770114943	0.9248554913294798	-327
7.5.1	ch.randelshofer.quaqua.ext.batik.ext.awt.image.codec.tiff	2	3	5	0.7857142857142857	0.5625	-3
7.5.1	ch.randelshofer.quaqua.ext.batik.ext.awt.image.codec.util	1	7	1	0.75	0.6363636363636364	-6
7.5.1	ch.randelshofer.quaqua.ext.batik.ext.awt.image.renderable	0	1	0	NaN	0.0	0
7.5.1	ch.randelshofer.quaqua.ext.batik.ext.awt.image.rendered	1	2	1	0.8727272727272727	0.7	-27
7.5.1	ch.randelshofer.quaqua.ext.batik.i18n	0	1	0	0.6666666666666666	0.8	1
7.5.1	ch.randelshofer.quaqua.ext.nanoxml	0	4	0	0.5	0.2222222222222222	1
7.5.1	ch.randelshofer.quaqua.filechooser	3	43	8	0.9015384615384615	0.5224489795918368	-229
7.5.1	ch.randelshofer.quaqua.icon	2	1	2	0.9047619047619048	0.42105263157894735	-13
7.5.1	ch.randelshofer.quaqua.jaguar	4	1	20	0.9189723320158103	0.6666666666666666	-209
7.5.1	ch.randelshofer.quaqua.jaguar.filechooser	1	0	1	NaN	0.0	0
7.5.1	ch.randelshofer.quaqua.leopard	6	0	24	0.9344729344729344	0.6013071895424836	-299
7.5.1	ch.randelshofer.quaqua.leopard.filechooser	6	2	16	0.8351648351648352	0.6666666666666666	-51
7.5.1	ch.randelshofer.quaqua.osx	5	26	12	1.0	0.0	-15
7.5.1	ch.randelshofer.quaqua.panther	7	0	26	0.9512411347517731	0.7457627118644068	-994
7.5.1	ch.randelshofer.quaqua.panther.filechooser	6	4	15	0.8516483516483516	0.6067415730337079	-59
7.5.1	ch.randelshofer.quaqua.snow_leopard	3	0	10	1.0	0.0	-1
7.5.1	ch.randelshofer.quaqua.snow_leopard.filechooser	2	0	2	NaN	0.0	0
7.5.1	ch.randelshofer.quaqua.subset	3	0	5	0.6666666666666666	0.5333333333333333	-2
7.5.1	ch.randelshofer.quaqua.tiger	3	0	6	0.8333333333333334	0.2222222222222222	-1
7.5.1	ch.randelshofer.quaqua.tiger.filechooser	1	0	1	NaN	0.0	0
7.5.1	ch.randelshofer.quaqua.util	5	96	7	0.9725378787878788	0.2815533980582524	-494
7.5.1	net.n3.nanoxml	0	2	0	0.8916666666666667	0.935251798561151	-174
7.5.1	org.jhotdraw.annotations	0	40	0	1.0	0.0	-1
7.5.1	org.jhotdraw.app	12	73	40	0.8447368421052631	0.3818770226537217	-94
7.5.1	org.jhotdraw.app.action	7	24	14	0.8555555555555555	0.325	-31
7.5.1	org.jhotdraw.app.action.app	7	2	13	0.925	0.3050847457627119	-102
7.5.1	org.jhotdraw.app.action.edit	6	4	7	0.9333333333333333	0.35	-85
7.5.1	org.jhotdraw.app.action.file	8	5	17	0.9621212121212122	0.33472803347280333	-484
7.5.1	org.jhotdraw.app.action.window	4	3	6	0.8928571428571429	0.36363636363636365	-22
7.5.1	org.jhotdraw.app.osx	1	1	2	0.7619047619047619	0.7407407407407407	-11
7.5.1	org.jhotdraw.beans	0	30	0	0.8333333333333334	0.0625	-1
7.5.1	org.jhotdraw.color	0	1	0	0.5	0.6666666666666666	1
7.5.1	org.jhotdraw.draw	19	196	82	0.9491891891891892	0.38762886597938145	-2291
7.5.1	org.jhotdraw.draw.action	13	4	43	0.9738550922761449	0.49038461538461536	-2708
7.5.1	org.jhotdraw.draw.connector	5	17	16	0.8787878787878788	0.29906542056074764	-42
7.5.1	org.jhotdraw.draw.decoration	4	7	8	0.6666666666666666	0.18181818181818182	1
7.5.1	org.jhotdraw.draw.event	8	64	18	0.9631578947368421	0.175	-162
7.5.1	org.jhotdraw.draw.handle	11	24	35	0.9444444444444444	0.4389312977099237	-855
7.5.1	org.jhotdraw.draw.io	7	6	18	0.8333333333333334	0.15873015873015872	-5
7.5.1	org.jhotdraw.draw.layouter	2	2	2	NaN	0.0	0
7.5.1	org.jhotdraw.draw.liner	6	8	12	0.6666666666666666	0.09302325581395349	1
7.5.1	org.jhotdraw.draw.locator	4	22	11	0.6666666666666666	0.11940298507462686	2
7.5.1	org.jhotdraw.draw.print	1	1	2	-0.0	0.5714285714285714	1
7.5.1	org.jhotdraw.draw.text	2	4	7	0.6666666666666666	0.3333333333333333	-2
7.5.1	org.jhotdraw.draw.tool	10	22	33	0.9347290640394089	0.381294964028777	-322
7.5.1	org.jhotdraw.geom	0	57	0	0.8681318681318682	0.32	-53
7.5.1	org.jhotdraw.gui	6	64	14	0.9459770114942528	0.43317972350230416	-381
7.5.1	org.jhotdraw.gui.datatransfer	2	6	2	0.8888888888888888	0.6666666666666666	-20
7.5.1	org.jhotdraw.gui.event	2	27	3	0.5	0.043478260869565216	1
7.5.1	org.jhotdraw.gui.filechooser	0	8	0	NaN	0.0	0
7.5.1	org.jhotdraw.gui.fontchooser	2	4	2	0.7380952380952381	0.5945945945945946	-5
7.5.1	org.jhotdraw.gui.plaf	0	2	0	NaN	0.0	0
7.5.1	org.jhotdraw.gui.plaf.palette	4	2	7	0.8846153846153846	0.7924528301886793	-57
7.5.1	org.jhotdraw.io	0	1	0	0.3333333333333333	0.8888888888888888	1
7.5.1	org.jhotdraw.net	0	17	0	NaN	0.0	0
7.5.1	org.jhotdraw.samples.draw	16	0	86	0.8626373626373627	0.2109704641350211	-55
7.5.1	org.jhotdraw.undo	1	11	1	0.65	0.4827586206896552	-2
7.5.1	org.jhotdraw.util	0	138	0	0.95	0.013605442176870748	-8
7.5.1	org.jhotdraw.util.prefs	0	6	0	0.7380952380952381	0.7857142857142857	-9
7.5.1	org.jhotdraw.xml	2	25	8	0.75	0.28865979381443296	0
7.6.0	ch.randelshofer.quaqua	8	83	41	0.9913077041840358	0.8118240807498197	-31579
7.6.0	ch.randelshofer.quaqua.border	2	19	4	0.946969696969697	0.2916666666666667	-58
7.6.0	ch.randelshofer.quaqua.color	2	29	2	0.8928571428571429	0.21052631578947367	-20
7.6.0	ch.randelshofer.quaqua.colorchooser	1	2	3	0.9753086419753086	0.9534883720930233	-3091
7.6.0	ch.randelshofer.quaqua.datatransfer	0	1	0	0.8	0.8	-2
7.6.0	ch.randelshofer.quaqua.ext.base64	0	3	0	0.3333333333333333	0.7272727272727273	1
7.6.0	ch.randelshofer.quaqua.ext.batik.ext.awt	1	3	1	0.8333333333333334	0.9166666666666666	-28
7.6.0	ch.randelshofer.quaqua.ext.batik.ext.awt.image	3	6	7	0.9080459770114943	0.9248554913294798	-327
7.6.0	ch.randelshofer.quaqua.ext.batik.ext.awt.image.codec.tiff	2	3	5	0.7857142857142857	0.5625	-3
7.6.0	ch.randelshofer.quaqua.ext.batik.ext.awt.image.codec.util	1	7	1	0.7857142857142857	0.5294117647058824	-3
7.6.0	ch.randelshofer.quaqua.ext.batik.ext.awt.image.renderable	0	1	0	NaN	0.0	0
7.6.0	ch.randelshofer.quaqua.ext.batik.ext.awt.image.rendered	1	2	1	0.8727272727272727	0.7	-27
7.6.0	ch.randelshofer.quaqua.ext.batik.i18n	0	1	0	0.6666666666666666	0.8	1
7.6.0	ch.randelshofer.quaqua.ext.nanoxml	0	4	0	0.5	0.2222222222222222	1
7.6.0	ch.randelshofer.quaqua.filechooser	4	46	9	0.9030769230769231	0.5163934426229508	-229
7.6.0	ch.randelshofer.quaqua.icon	2	3	2	0.9285714285714286	0.38095238095238093	-20
7.6.0	ch.randelshofer.quaqua.jaguar	4	1	20	0.9166666666666666	0.6764705882352942	-224
7.6.0	ch.randelshofer.quaqua.jaguar.filechooser	1	0	1	NaN	0.0	0
7.6.0	ch.randelshofer.quaqua.leopard	6	0	25	0.9301994301994302	0.6163522012578616	-293
7.6.0	ch.randelshofer.quaqua.leopard.filechooser	7	2	17	0.8205128205128205	0.6436781609195402	-40
7.6.0	ch.randelshofer.quaqua.osx	5	28	12	1.0	0.0	-15
7.6.0	ch.randelshofer.quaqua.panther	7	0	27	0.949468085106383	0.7574750830564784	-986
7.6.0	ch.randelshofer.quaqua.panther.filechooser	6	4	15	0.8516483516483516	0.6067415730337079	-59
7.6.0	ch.randelshofer.quaqua.snow_leopard	3	0	10	1.0	0.0	-1
7.6.0	ch.randelshofer.quaqua.snow_leopard.filechooser	2	0	2	NaN	0.0	0
7.6.0	ch.randelshofer.quaqua.subset	4	0	6	0.6666666666666666	0.47058823529411764	-2
7.6.0	ch.randelshofer.quaqua.tiger	3	0	6	0.8333333333333334	0.2222222222222222	-1
7.6.0	ch.randelshofer.quaqua.tiger.filechooser	1	0	1	NaN	0.0	0
7.6.0	ch.randelshofer.quaqua.util	5	98	7	0.9725378787878788	0.27884615384615385	-494
7.6.0	net.n3.nanoxml	0	2	0	0.8916666666666667	0.935251798561151	-174
7.6.0	org.jhotdraw.app	11	73	38	0.8537549407114624	0.4444444444444444	-129
7.6.0	org.jhotdraw.app.action	7	24	14	0.8555555555555555	0.325	-31
7.6.0	org.jhotdraw.app.action.app	7	2	13	0.925	0.3050847457627119	-102
7.6.0	org.jhotdraw.app.action.edit	6	4	7	0.9333333333333333	0.35	-85
7.6.0	org.jhotdraw.app.action.file	8	5	17	0.9621212121212122	0.33472803347280333	-484
7.6.0	org.jhotdraw.app.action.window	4	3	6	0.8928571428571429	0.375	-22
7.6.0	org.jhotdraw.app.osx	1	1	2	0.7619047619047619	0.7407407407407407	-11
7.6.0	org.jhotdraw.beans	0	30	0	0.8333333333333334	0.0625	-1
7.6.0	org.jhotdraw.color	0	1	0	0.5	0.6666666666666666	1
7.6.0	org.jhotdraw.draw	18	196	80	0.949009009009009	0.39415041782729804	-2289
7.6.0	org.jhotdraw.draw.action	12	4	41	0.9738550922761449	0.4927536231884058	-2708
7.6.0	org.jhotdraw.draw.connector	4	17	15	0.8787878787878788	0.3018867924528302	-42
7.6.0	org.jhotdraw.draw.decoration	3	7	7	0.6666666666666666	0.19047619047619047	1
7.6.0	org.jhotdraw.draw.event	7	64	16	0.9631578947368421	0.1830065359477124	-162
7.6.0	org.jhotdraw.draw.handle	10	24	34	0.9444444444444444	0.4397705544933078	-855
7.6.0	org.jhotdraw.draw.io	6	6	16	0.8333333333333334	0.1694915254237288	-5
7.6.0	org.jhotdraw.draw.layouter	1	2	1	NaN	0.0	0
7.6.0	org.jhotdraw.draw.liner	5	8	11	0.6666666666666666	0.09523809523809523	1
7.6.0	org.jhotdraw.draw.locator	3	22	10	0.6666666666666666	0.12121212121212122	2
7.6.0	org.jhotdraw.draw.print	1	1	2	-0.0	0.5714285714285714	1
7.6.0	org.jhotdraw.draw.text	2	4	7	0.6666666666666666	0.3333333333333333	-2
7.6.0	org.jhotdraw.draw.tool	9	22	31	0.9347290640394089	0.3882783882783883	-322
7.6.0	org.jhotdraw.geom	0	57	0	0.8681318681318682	0.32	-53
7.6.0	org.jhotdraw.gui	5	65	12	0.9473118279569892	0.44144144144144143	-409
7.6.0	org.jhotdraw.gui.datatransfer	2	6	2	0.8888888888888888	0.6666666666666666	-20
7.6.0	org.jhotdraw.gui.event	1	28	2	0.5	0.0425531914893617	1
7.6.0	org.jhotdraw.gui.filechooser	0	8	0	NaN	0.0	0
7.6.0	org.jhotdraw.gui.fontchooser	1	4	1	0.7380952380952381	0.6111111111111112	-5
7.6.0	org.jhotdraw.gui.plaf	0	2	0	NaN	0.0	0
7.6.0	org.jhotdraw.gui.plaf.palette	4	2	7	0.8846153846153846	0.7924528301886793	-57
7.6.0	org.jhotdraw.io	0	1	0	0.3333333333333333	0.8888888888888888	1
7.6.0	org.jhotdraw.net	0	17	0	NaN	0.0	0
7.6.0	org.jhotdraw.samples.draw	16	0	86	0.8626373626373627	0.2109704641350211	-55
7.6.0	org.jhotdraw.undo	1	11	1	0.65	0.4827586206896552	-2
7.6.0	org.jhotdraw.util	0	136	0	0.95	0.013793103448275862	-8
7.6.0	org.jhotdraw.util.prefs	0	6	0	0.7380952380952381	0.7857142857142857	-9
7.6.0	org.jhotdraw.xml	2	25	8	0.7321428571428571	0.30303030303030304	2