versions	package	cbo	aff	eff	lcom	mf	cs
2.0.0	junit.extensions	1	0	2	0.7	0.5454545454545454	0
2.0.0	junit.framework	0	10	0	0.6904761904761905	0.5306122448979592	1
2.0.0	junit.textui	1	0	4	0.5	0.25	1
2.0.0	junit.ui	1	0	3	0.9257246376811594	0.9213483146067416	-224
2.1.0	junit.extensions	1	0	2	0.7	0.5454545454545454	0
2.1.0	junit.framework	0	10	0	0.6904761904761905	0.5306122448979592	1
2.1.0	junit.textui	1	0	4	0.5	0.25	1
2.1.0	junit.ui	1	0	3	0.9057971014492754	0.9369369369369369	-202
3.2.0	junit.extensions	1	0	5	0.7857142857142857	0.5454545454545454	-7
3.2.0	junit.framework	0	21	0	0.8090909090909091	0.4421052631578947	-17
3.2.0	junit.swingui	2	0	13	0.9536585365853658	0.8128342245989305	-732
3.2.0	junit.textui	2	0	7	NaN	0.0	0
3.2.0	junit.ui	2	0	10	0.922077922077922	0.8181818181818182	-185
3.2.0	junit.util	0	12	0	0.9	0.23076923076923078	-9
3.4.0	junit.awtui	2	1	7	0.8875	0.8307692307692308	-86
3.4.0	junit.extensions	1	0	6	0.8333333333333334	0.45161290322580644	-11
3.4.0	junit.framework	0	23	0	0.7909090909090909	0.44660194174757284	-17
3.4.0	junit.runner	1	9	3	0.8	0.4	-3
3.4.0	junit.swingui	2	0	11	0.9452380952380952	0.8070175438596491	-552
3.4.0	junit.textui	2	0	9	NaN	0.0	0
3.4.0	junit.ui	1	0	1	NaN	0.0	0
3.5.0	junit.awtui	2	1	8	0.8875	0.8181818181818182	-86
3.5.0	junit.extensions	1	0	6	0.8333333333333334	0.45161290322580644	-11
3.5.0	junit.framework	0	31	0	0.7818181818181819	0.3870967741935484	-15
3.5.0	junit.runner	1	11	5	0.9166666666666666	0.48148148148148145	-54
3.5.0	junit.swingui	2	0	15	0.9584313725490196	0.7910447761194029	-1141
3.5.0	junit.textui	2	0	10	NaN	0.0	0
3.5.0	junit.ui	1	0	1	NaN	0.0	0
3.6.0	junit.awtui	2	1	8	0.9105263157894737	0.85	-148
3.6.0	junit.extensions	1	1	6	0.8333333333333334	0.4375	-11
3.6.0	junit.framework	0	30	0	0.7818181818181819	0.39344262295081966	-15
3.6.0	junit.runner	1	11	5	0.9166666666666666	0.48148148148148145	-54
3.6.0	junit.swingui	3	0	16	0.9579591836734694	0.789272030651341	-1095
3.6.0	junit.textui	2	0	10	NaN	0.0	0
3.6.0	junit.ui	1	0	1	NaN	0.0	0
3.7.0	junit.awtui	2	1	8	0.8875	0.8181818181818182	-86
3.7.0	junit.extensions	1	1	6	0.8333333333333334	0.4375	-11
3.7.0	junit.framework	0	30	0	0.7818181818181819	0.39344262295081966	-15
3.7.0	junit.runner	1	11	5	0.9166666666666666	0.48148148148148145	-54
3.7.0	junit.swingui	3	0	16	0.9575510204081633	0.7908745247148289	-1093
3.7.0	junit.textui	2	0	10	NaN	0.0	0
3.7.0	junit.ui	1	0	1	NaN	0.0	0
3.8.0	junit.awtui	2	0	8	0.8916666666666667	0.8125	-86
3.8.0	junit.extensions	1	1	6	0.8333333333333334	0.4375	-11
3.8.0	junit.framework	0	30	0	0.803030303030303	0.416	-18
3.8.0	junit.runner	1	13	5	0.9340659340659341	0.42105263157894735	-69
3.8.0	junit.swingui	3	0	16	0.9579591836734694	0.8046875	-1095
3.8.0	junit.textui	2	0	10	0.5	0.125	1
3.8.1	junit.awtui	2	0	8	0.8916666666666667	0.8125	-86
3.8.1	junit.extensions	1	1	6	0.8333333333333334	0.4375	-11
3.8.1	junit.framework	0	30	0	0.7954545454545454	0.4251968503937008	-18
3.8.1	junit.runner	1	13	5	0.9340659340659341	0.42105263157894735	-69
3.8.1	junit.swingui	3	0	16	0.9562074829931972	0.8046875	-1046
3.8.1	junit.textui	2	0	10	0.5	0.125	1
3.8.2	junit.awtui	2	0	8	0.8791666666666667	0.8529411764705882	-86
3.8.2	junit.extensions	1	1	6	0.8571428571428571	0.41379310344827586	-13
3.8.2	junit.framework	0	30	0	0.8205128205128205	0.4409448818897638	-28
3.8.2	junit.runner	1	10	5	0.9340659340659341	0.4528301886792453	-69
3.8.2	junit.swingui	3	0	16	0.9563265306122449	0.8136882129277566	-1091
3.8.2	junit.textui	2	0	10	0.5	0.125	1
4.0.0	junit.extensions	1	1	6	0.8	0.41379310344827586	-7
4.0.0	junit.framework	2	14	6	0.8345588235294118	0.6122448979591837	-58
4.0.0	junit.runner	1	3	5	1.0	0.0	-3
4.0.0	junit.textui	2	0	9	0.5	0.13333333333333333	1
4.0.0	org.junit	0	6	0	0.9333333333333333	0.42857142857142855	-37
4.0.0	org.junit.internal.requests	4	1	13	1.0	0.0	-10
4.0.0	org.junit.internal.runners	6	9	27	0.9117647058823529	0.3404255319148936	-100
4.0.0	org.junit.runner	6	35	13	0.75	0.2692307692307692	-4
4.0.0	org.junit.runner.manipulation	1	9	2	0.7333333333333333	0.37209302325581395	-5
4.0.0	org.junit.runner.notification	1	16	2	0.7	0.6285714285714286	-3
4.0.0	org.junit.runners	4	0	10	0.7619047619047619	0.6060606060606061	-9
4.1.0	junit.extensions	1	1	6	0.8	0.41379310344827586	-7
4.1.0	junit.framework	2	14	6	0.8345588235294118	0.6122448979591837	-58
4.1.0	junit.runner	1	3	5	1.0	0.0	-3
4.1.0	junit.textui	2	0	9	0.5	0.13333333333333333	1
4.1.0	org.junit	0	6	0	0.9333333333333333	0.42857142857142855	-37
4.1.0	org.junit.internal.requests	4	1	13	1.0	0.0	-10
4.1.0	org.junit.internal.runners	6	10	27	0.9117647058823529	0.36486486486486486	-113
4.1.0	org.junit.runner	6	35	13	0.7638888888888888	0.3090909090909091	-8
4.1.0	org.junit.runner.manipulation	1	9	2	0.7333333333333333	0.37209302325581395	-5
4.1.0	org.junit.runner.notification	1	16	2	0.6454545454545455	0.6666666666666666	7
4.1.0	org.junit.runners	4	0	10	0.7916666666666666	0.6818181818181818	-16
4.2.0	junit.extensions	1	1	6	0.8	0.41379310344827586	-7
4.2.0	junit.framework	2	14	6	0.8345588235294118	0.6122448979591837	-58
4.2.0	junit.runner	1	3	5	1.0	0.0	-3
4.2.0	junit.textui	2	0	9	0.5	0.13333333333333333	1
4.2.0	org.junit	1	6	1	0.9333333333333333	0.41379310344827586	-37
4.2.0	org.junit.internal	0	1	0	NaN	0.0	0
4.2.0	org.junit.internal.requests	4	1	13	1.0	0.0	-10
4.2.0	org.junit.internal.runners	6	10	27	0.9210526315789473	0.3624161073825503	-131
4.2.0	org.junit.runner	6	36	13	0.7638888888888888	0.30357142857142855	-8
4.2.0	org.junit.runner.manipulation	1	9	2	0.7333333333333333	0.37209302325581395	-5
4.2.0	org.junit.runner.notification	1	16	2	0.6454545454545455	0.6610169491525424	7
4.2.0	org.junit.runners	4	0	10	0.7916666666666666	0.6818181818181818	-16
4.3.1	junit.extensions	1	1	6	0.8	0.41379310344827586	-7
4.3.1	junit.framework	2	14	6	0.8345588235294118	0.6122448979591837	-58
4.3.1	junit.runner	1	3	5	1.0	0.0	-3
4.3.1	junit.textui	2	0	9	0.5	0.13333333333333333	1
4.3.1	org.junit	1	7	1	0.9333333333333333	0.4	-37
4.3.1	org.junit.internal	0	1	0	NaN	0.0	0
4.3.1	org.junit.internal.requests	7	1	16	0.9666666666666667	0.05555555555555555	-13
4.3.1	org.junit.internal.runners	6	10	27	0.9122807017543859	0.38961038961038963	-127
4.3.1	org.junit.runner	6	36	13	0.7638888888888888	0.3008849557522124	-8
4.3.1	org.junit.runner.manipulation	1	9	2	0.7333333333333333	0.37209302325581395	-5
4.3.1	org.junit.runner.notification	1	17	2	0.6454545454545455	0.6666666666666666	7
4.3.1	org.junit.runners	4	1	10	0.7916666666666666	0.6521739130434783	-16
4.4.0	junit.extensions	1	1	6	0.8	0.41379310344827586	-7
4.4.0	junit.framework	4	14	10	0.8345588235294118	0.5960264900662252	-58
4.4.0	junit.runner	1	3	5	1.0	0.0	-3
4.4.0	junit.textui	2	0	9	0.5	0.13333333333333333	1
4.4.0	org.hamcrest	2	26	12	0.7857142857142857	0.20689655172413793	-6
4.4.0	org.hamcrest.core	1	2	5	0.9555555555555556	0.12903225806451613	-37
4.4.0	org.hamcrest.internal	1	1	2	0.8333333333333334	0.2857142857142857	-1
4.4.0	org.junit	3	9	7	0.9393939393939394	0.3137254901960784	-56
4.4.0	org.junit.experimental.results	4	0	8	0.65	0.5	0
4.4.0	org.junit.experimental.theories	2	4	5	0.7909090909090909	0.7540983606557377	-19
4.4.0	org.junit.experimental.theories.internal	3	1	9	0.5	0.3333333333333333	1
4.4.0	org.junit.experimental.theories.suppliers	1	0	4	-0.0	0.5	1
4.4.0	org.junit.internal	2	3	4	1.0	0.0	-1
4.4.0	org.junit.internal.requests	7	1	16	0.9666666666666667	0.05555555555555555	-13
4.4.0	org.junit.internal.runners	6	11	27	0.919047619047619	0.40476190476190477	-158
4.4.0	org.junit.matchers	2	1	8	0.8214285714285714	0.47619047619047616	-10
4.4.0	org.junit.runner	7	36	13	0.7638888888888888	0.2982456140350877	-8
4.4.0	org.junit.runner.manipulation	1	10	2	0.7333333333333333	0.34782608695652173	-5
4.4.0	org.junit.runner.notification	1	24	2	0.6454545454545455	0.624	7
4.4.0	org.junit.runners	5	1	13	0.8472222222222222	0.4489795918367347	-24
4.5.0	junit.extensions	1	1	6	0.8	0.41379310344827586	-7
4.5.0	junit.framework	4	14	13	0.8345588235294118	0.5882352941176471	-58
4.5.0	junit.runner	1	3	5	1.0	0.0	-3
4.5.0	junit.textui	2	0	9	0.5	0.13333333333333333	1
4.5.0	org.hamcrest	2	27	12	0.7857142857142857	0.2033898305084746	-6
4.5.0	org.hamcrest.core	1	2	5	0.9555555555555556	0.12903225806451613	-37
4.5.0	org.hamcrest.internal	1	1	2	0.8333333333333334	0.2857142857142857	-1
4.5.0	org.junit	3	9	7	0.9454545454545454	0.2553191489361702	-47
4.5.0	org.junit.experimental.results	5	0	9	0.7	0.5142857142857142	-3
4.5.0	org.junit.experimental.runners	2	0	2	NaN	0.0	0
4.5.0	org.junit.experimental.theories	5	5	9	0.8571428571428571	0.5652173913043478	-51
4.5.0	org.junit.experimental.theories.internal	2	4	9	0.7	0.36363636363636365	-2
4.5.0	org.junit.experimental.theories.suppliers	1	0	4	-0.0	0.5	1
4.5.0	org.junit.internal	3	11	8	0.9	0.16	-6
4.5.0	org.junit.internal.builders	7	3	11	0.875	0.34146341463414637	-14
4.5.0	org.junit.internal.matchers	2	3	8	0.8571428571428571	0.3157894736842105	-11
4.5.0	org.junit.internal.requests	4	1	8	1.0	0.0	-3
4.5.0	org.junit.internal.runners	8	7	26	0.8986928104575164	0.4696969696969697	-105
4.5.0	org.junit.internal.runners.model	3	5	4	0.8333333333333334	0.18181818181818182	-1
4.5.0	org.junit.internal.runners.statements	2	2	3	0.9523809523809523	0.17391304347826086	-19
4.5.0	org.junit.matchers	2	0	5	NaN	0.0	0
4.5.0	org.junit.runner	10	45	18	0.8	0.3283582089552239	-19
4.5.0	org.junit.runner.manipulation	1	11	1	0.7619047619047619	0.37735849056603776	-9
4.5.0	org.junit.runner.notification	1	24	2	0.6590909090909091	0.6382978723404256	6
4.5.0	org.junit.runners	10	5	32	0.8712121212121212	0.3333333333333333	-44
4.5.0	org.junit.runners.model	4	33	6	0.8666666666666667	0.10810810810810811	-9
4.6.0	junit.extensions	1	1	6	0.8	0.41379310344827586	-7
4.6.0	junit.framework	4	14	13	0.8345588235294118	0.5882352941176471	-58
4.6.0	junit.runner	1	3	5	1.0	0.0	-3
4.6.0	junit.textui	2	0	9	0.5	0.13333333333333333	1
4.6.0	org.hamcrest	2	27	12	0.7857142857142857	0.2033898305084746	-6
4.6.0	org.hamcrest.core	1	2	5	0.9555555555555556	0.12903225806451613	-37
4.6.0	org.hamcrest.internal	1	1	2	0.8333333333333334	0.2857142857142857	-1
4.6.0	org.junit	3	10	8	0.9454545454545454	0.24489795918367346	-47
4.6.0	org.junit.experimental	4	0	8	0.5	0.5263157894736842	2
4.6.0	org.junit.experimental.max	6	0	12	0.7321428571428571	0.5769230769230769	-8
4.6.0	org.junit.experimental.results	5	0	9	0.7	0.5142857142857142	-3
4.6.0	org.junit.experimental.runners	2	0	2	NaN	0.0	0
4.6.0	org.junit.experimental.theories	5	5	9	0.8571428571428571	0.5652173913043478	-51
4.6.0	org.junit.experimental.theories.internal	2	4	9	0.7	0.36363636363636365	-2
4.6.0	org.junit.experimental.theories.suppliers	1	0	4	-0.0	0.5	1
4.6.0	org.junit.internal	4	11	9	0.9	0.20689655172413793	-9
4.6.0	org.junit.internal.builders	7	3	11	0.875	0.34146341463414637	-14
4.6.0	org.junit.internal.matchers	2	3	8	0.8571428571428571	0.3157894736842105	-11
4.6.0	org.junit.internal.requests	4	2	8	1.0	0.0	-3
4.6.0	org.junit.internal.runners	8	8	26	0.8986928104575164	0.46616541353383456	-105
4.6.0	org.junit.internal.runners.model	3	5	4	0.8333333333333334	0.18181818181818182	-1
4.6.0	org.junit.internal.runners.statements	2	2	3	0.9523809523809523	0.17391304347826086	-19
4.6.0	org.junit.matchers	2	0	5	NaN	0.0	0
4.6.0	org.junit.runner	10	55	18	0.803030303030303	0.32098765432098764	-24
4.6.0	org.junit.runner.manipulation	1	9	1	0.7857142857142857	0.43636363636363634	-14
4.6.0	org.junit.runner.notification	1	30	2	0.6590909090909091	0.6081081081081081	6
4.6.0	org.junit.runners	10	12	32	0.8712121212121212	0.3177570093457944	-44
4.6.0	org.junit.runners.model	4	42	6	0.8666666666666667	0.09090909090909091	-9
4.7.0	junit.extensions	1	1	6	0.8	0.41379310344827586	-7
4.7.0	junit.framework	4	15	13	0.8345588235294118	0.5844155844155844	-58
4.7.0	junit.runner	1	3	4	1.0	0.0	-3
4.7.0	junit.textui	2	0	9	0.5	0.13333333333333333	1
4.7.0	org.hamcrest	2	32	12	0.7857142857142857	0.18604651162790697	-6
4.7.0	org.hamcrest.core	1	2	5	0.9555555555555556	0.12903225806451613	-37
4.7.0	org.hamcrest.internal	1	1	2	0.8333333333333334	0.2857142857142857	-1
4.7.0	org.junit	3	14	10	0.9545454545454546	0.21428571428571427	-58
4.7.0	org.junit.experimental	3	0	6	0.3333333333333333	0.5	1
4.7.0	org.junit.experimental.max	7	0	14	0.75	0.5283018867924528	-10
4.7.0	org.junit.experimental.results	5	0	9	0.7	0.5142857142857142	-3
4.7.0	org.junit.experimental.runners	2	0	2	NaN	0.0	0
4.7.0	org.junit.experimental.theories	5	5	9	0.8571428571428571	0.5652173913043478	-51
4.7.0	org.junit.experimental.theories.internal	2	4	9	0.7	0.36363636363636365	-2
4.7.0	org.junit.experimental.theories.suppliers	1	0	4	-0.0	0.5	1
4.7.0	org.junit.internal	4	11	9	0.9107142857142857	0.2777777777777778	-18
4.7.0	org.junit.internal.builders	7	3	11	0.875	0.34146341463414637	-14
4.7.0	org.junit.internal.matchers	2	5	8	0.8571428571428571	0.3	-11
4.7.0	org.junit.internal.requests	4	2	8	1.0	0.0	-3
4.7.0	org.junit.internal.runners	8	9	26	0.8986928104575164	0.4626865671641791	-105
4.7.0	org.junit.internal.runners.model	3	6	4	0.8333333333333334	0.16666666666666666	-1
4.7.0	org.junit.internal.runners.statements	2	3	3	0.9523809523809523	0.16666666666666666	-19
4.7.0	org.junit.matchers	2	1	5	NaN	0.0	0
4.7.0	org.junit.rules	7	1	13	0.9047619047619048	0.5128205128205128	-77
4.7.0	org.junit.runner	10	54	18	0.803030303030303	0.325	-24
4.7.0	org.junit.runner.manipulation	1	9	1	0.7857142857142857	0.43636363636363634	-14
4.7.0	org.junit.runner.notification	1	28	2	0.6590909090909091	0.6164383561643836	6
4.7.0	org.junit.runners	11	8	36	0.8846153846153846	0.358974358974359	-65
4.7.0	org.junit.runners.model	4	51	6	0.8888888888888888	0.14035087719298245	-22
4.8.0	junit.extensions	1	1	6	0.8	0.41379310344827586	-7
4.8.0	junit.framework	4	15	13	0.8345588235294118	0.5844155844155844	-58
4.8.0	junit.runner	1	3	4	1.0	0.0	-3
4.8.0	junit.textui	2	0	9	0.5	0.13333333333333333	1
4.8.0	org.hamcrest	2	32	12	0.7857142857142857	0.18604651162790697	-6
4.8.0	org.hamcrest.core	1	2	5	0.9555555555555556	0.12903225806451613	-37
4.8.0	org.hamcrest.internal	1	1	2	0.8333333333333334	0.2857142857142857	-1
4.8.0	org.junit	3	14	10	0.9545454545454546	0.21428571428571427	-58
4.8.0	org.junit.experimental	3	0	6	0.3333333333333333	0.5	1
4.8.0	org.junit.experimental.categories	4	0	6	0.65	0.6666666666666666	-2
4.8.0	org.junit.experimental.max	7	0	14	0.75	0.5283018867924528	-10
4.8.0	org.junit.experimental.results	5	0	9	0.7	0.5142857142857142	-3
4.8.0	org.junit.experimental.runners	2	0	2	NaN	0.0	0
4.8.0	org.junit.experimental.theories	5	5	9	0.8571428571428571	0.5652173913043478	-51
4.8.0	org.junit.experimental.theories.internal	2	4	9	0.7	0.36363636363636365	-2
4.8.0	org.junit.experimental.theories.suppliers	1	0	4	-0.0	0.5	1
4.8.0	org.junit.internal	4	11	9	0.9107142857142857	0.2777777777777778	-18
4.8.0	org.junit.internal.builders	7	3	11	0.875	0.34146341463414637	-14
4.8.0	org.junit.internal.matchers	2	5	8	0.8571428571428571	0.3	-11
4.8.0	org.junit.internal.requests	4	2	8	1.0	0.0	-3
4.8.0	org.junit.internal.runners	8	9	26	0.8986928104575164	0.4626865671641791	-105
4.8.0	org.junit.internal.runners.model	3	6	4	0.8333333333333334	0.16666666666666666	-1
4.8.0	org.junit.internal.runners.statements	2	3	3	0.9523809523809523	0.16666666666666666	-19
4.8.0	org.junit.matchers	2	1	5	NaN	0.0	0
4.8.0	org.junit.rules	7	1	13	0.9047619047619048	0.5128205128205128	-77
4.8.0	org.junit.runner	10	55	18	0.803030303030303	0.32298136645962733	-24
4.8.0	org.junit.runner.manipulation	1	11	1	0.7857142857142857	0.41379310344827586	-14
4.8.0	org.junit.runner.notification	1	28	2	0.6590909090909091	0.6164383561643836	6
4.8.0	org.junit.runners	11	9	36	0.8846153846153846	0.3559322033898305	-65
4.8.0	org.junit.runners.model	4	52	6	0.8888888888888888	0.13793103448275862	-22
4.8.1	junit.extensions	1	1	6	0.8	0.41379310344827586	-7
4.8.1	junit.framework	4	15	13	0.8345588235294118	0.5844155844155844	-58
4.8.1	junit.runner	1	3	4	1.0	0.0	-3
4.8.1	junit.textui	2	0	9	0.5	0.13333333333333333	1
4.8.1	org.hamcrest	2	32	12	0.7857142857142857	0.18604651162790697	-6
4.8.1	org.hamcrest.core	1	2	5	0.9555555555555556	0.12903225806451613	-37
4.8.1	org.hamcrest.internal	1	1	2	0.8333333333333334	0.2857142857142857	-1
4.8.1	org.junit	3	14	10	0.9545454545454546	0.21428571428571427	-58
4.8.1	org.junit.experimental	3	0	6	0.3333333333333333	0.5	1
4.8.1	org.junit.experimental.categories	4	0	6	0.65	0.6666666666666666	-2
4.8.1	org.junit.experimental.max	7	0	14	0.75	0.5283018867924528	-10
4.8.1	org.junit.experimental.results	5	0	9	0.7	0.5142857142857142	-3
4.8.1	org.junit.experimental.runners	2	0	2	NaN	0.0	0
4.8.1	org.junit.experimental.theories	5	5	9	0.8571428571428571	0.5652173913043478	-51
4.8.1	org.junit.experimental.theories.internal	2	4	9	0.7	0.36363636363636365	-2
4.8.1	org.junit.experimental.theories.suppliers	1	0	4	-0.0	0.5	1
4.8.1	org.junit.internal	4	11	9	0.9107142857142857	0.2777777777777778	-18
4.8.1	org.junit.internal.builders	7	3	11	0.875	0.34146341463414637	-14
4.8.1	org.junit.internal.matchers	2	5	8	0.8571428571428571	0.3	-11
4.8.1	org.junit.internal.requests	4	2	8	1.0	0.0	-3
4.8.1	org.junit.internal.runners	8	9	26	0.8986928104575164	0.4626865671641791	-105
4.8.1	org.junit.internal.runners.model	3	6	4	0.8333333333333334	0.16666666666666666	-1
4.8.1	org.junit.internal.runners.statements	2	3	3	0.9523809523809523	0.16666666666666666	-19
4.8.1	org.junit.matchers	2	1	5	NaN	0.0	0
4.8.1	org.junit.rules	7	1	13	0.9047619047619048	0.5128205128205128	-77
4.8.1	org.junit.runner	10	55	18	0.803030303030303	0.32298136645962733	-24
4.8.1	org.junit.runner.manipulation	1	11	1	0.7857142857142857	0.41379310344827586	-14
4.8.1	org.junit.runner.notification	1	28	2	0.6590909090909091	0.6164383561643836	6
4.8.1	org.junit.runners	11	9	36	0.8846153846153846	0.3559322033898305	-65
4.8.1	org.junit.runners.model	4	52	6	0.8888888888888888	0.13793103448275862	-22
4.9.0	junit.extensions	1	1	6	0.8571428571428571	0.41379310344827586	-13
4.9.0	junit.framework	4	15	13	0.8529411764705882	0.5844155844155844	-75
4.9.0	junit.runner	1	3	4	1.0	0.0	-6
4.9.0	junit.textui	2	0	9	0.8333333333333334	0.13333333333333333	-1
4.9.0	org.hamcrest	2	32	12	0.7857142857142857	0.18604651162790697	-6
4.9.0	org.hamcrest.core	1	2	5	0.9555555555555556	0.12903225806451613	-37
4.9.0	org.hamcrest.internal	1	1	2	0.8333333333333334	0.2857142857142857	-1
4.9.0	org.junit	3	15	10	0.967032967032967	0.2033898305084746	-83
4.9.0	org.junit.experimental	3	0	6	0.3333333333333333	0.5	1
4.9.0	org.junit.experimental.categories	4	0	6	0.6	0.6666666666666666	0
4.9.0	org.junit.experimental.max	7	0	14	0.75	0.5384615384615384	-10
4.9.0	org.junit.experimental.results	5	0	10	0.7	0.5	-3
4.9.0	org.junit.experimental.runners	2	0	2	NaN	0.0	0
4.9.0	org.junit.experimental.theories	5	5	9	0.8571428571428571	0.5652173913043478	-51
4.9.0	org.junit.experimental.theories.internal	2	4	9	0.7	0.36363636363636365	-2
4.9.0	org.junit.experimental.theories.suppliers	1	0	4	-0.0	0.5	1
4.9.0	org.junit.internal	4	11	9	0.9107142857142857	0.2777777777777778	-18
4.9.0	org.junit.internal.builders	7	3	11	0.875	0.34146341463414637	-14
4.9.0	org.junit.internal.matchers	2	5	8	0.8571428571428571	0.3	-11
4.9.0	org.junit.internal.requests	4	2	8	1.0	0.0	-6
4.9.0	org.junit.internal.runners	8	9	26	0.9093567251461988	0.4626865671641791	-123
4.9.0	org.junit.internal.runners.model	4	4	5	1.0	0.0	-3
4.9.0	org.junit.internal.runners.rules	3	2	6	NaN	0.0	0
4.9.0	org.junit.internal.runners.statements	2	3	4	0.9523809523809523	0.16	-19
4.9.0	org.junit.matchers	2	1	5	1.0	0.0	-1
4.9.0	org.junit.rules	7	3	14	0.9298245614035088	0.48484848484848486	-137
4.9.0	org.junit.runner	10	67	18	0.8333333333333334	0.2988505747126437	-36
4.9.0	org.junit.runner.manipulation	1	11	1	0.8333333333333334	0.46153846153846156	-27
4.9.0	org.junit.runner.notification	1	28	2	0.7115384615384616	0.6164383561643836	-6
4.9.0	org.junit.runners	12	9	39	0.9	0.3442622950819672	-79
4.9.0	org.junit.runners.model	4	58	7	0.9111111111111111	0.13559322033898305	-31
4.10.0	junit.extensions	1	1	6	0.8571428571428571	0.41379310344827586	-13
4.10.0	junit.framework	4	15	13	0.8529411764705882	0.5844155844155844	-75
4.10.0	junit.runner	1	3	4	1.0	0.0	-6
4.10.0	junit.textui	2	0	9	0.8333333333333334	0.13333333333333333	-1
4.10.0	org.hamcrest	2	32	12	0.7857142857142857	0.18604651162790697	-6
4.10.0	org.hamcrest.core	1	2	5	0.9555555555555556	0.12903225806451613	-37
4.10.0	org.hamcrest.internal	1	1	2	0.8333333333333334	0.2857142857142857	-1
4.10.0	org.junit	3	15	10	0.967032967032967	0.2033898305084746	-83
4.10.0	org.junit.experimental	3	0	6	0.3333333333333333	0.5	1
4.10.0	org.junit.experimental.categories	4	0	6	0.6	0.6666666666666666	0
4.10.0	org.junit.experimental.max	7	0	14	0.75	0.5384615384615384	-10
4.10.0	org.junit.experimental.results	5	0	10	0.7	0.5	-3
4.10.0	org.junit.experimental.runners	2	0	2	NaN	0.0	0
4.10.0	org.junit.experimental.theories	5	5	9	0.8571428571428571	0.5652173913043478	-51
4.10.0	org.junit.experimental.theories.internal	2	4	9	0.7	0.36363636363636365	-2
4.10.0	org.junit.experimental.theories.suppliers	1	0	4	-0.0	0.5	1
4.10.0	org.junit.internal	4	13	9	0.9107142857142857	0.2631578947368421	-18
4.10.0	org.junit.internal.builders	7	3	11	0.875	0.34146341463414637	-14
4.10.0	org.junit.internal.matchers	2	5	8	0.8571428571428571	0.3	-11
4.10.0	org.junit.internal.requests	4	2	8	1.0	0.0	-6
4.10.0	org.junit.internal.runners	8	9	26	0.9093567251461988	0.4626865671641791	-123
4.10.0	org.junit.internal.runners.model	4	4	5	1.0	0.0	-3
4.10.0	org.junit.internal.runners.rules	3	2	6	NaN	0.0	0
4.10.0	org.junit.internal.runners.statements	2	3	4	0.9523809523809523	0.16	-19
4.10.0	org.junit.matchers	2	1	5	1.0	0.0	-1
4.10.0	org.junit.rules	8	3	15	0.9342105263157895	0.47619047619047616	-154
4.10.0	org.junit.runner	10	68	18	0.8333333333333334	0.29714285714285715	-36
4.10.0	org.junit.runner.manipulation	1	11	1	0.8333333333333334	0.46153846153846156	-27
4.10.0	org.junit.runner.notification	1	28	2	0.7115384615384616	0.6164383561643836	-6
4.10.0	org.junit.runners	12	9	39	0.9	0.3442622950819672	-79
4.10.0	org.junit.runners.model	4	59	7	0.9181818181818182	0.1487603305785124	-39
4.11.0	junit.extensions	1	1	6	0.8571428571428571	0.41379310344827586	-13
4.11.0	junit.framework	5	15	14	0.8529411764705882	0.5806451612903226	-75
4.11.0	junit.runner	1	3	4	1.0	0.0	-6
4.11.0	junit.textui	2	0	9	0.8333333333333334	0.13333333333333333	-1
4.11.0	org.junit	2	16	5	0.9714285714285714	0.2222222222222222	-97
4.11.0	org.junit.experimental	3	0	6	-0.0	0.3333333333333333	1
4.11.0	org.junit.experimental.categories	4	0	6	0.6	0.6666666666666666	0
4.11.0	org.junit.experimental.max	7	0	14	0.75	0.5384615384615384	-10
4.11.0	org.junit.experimental.results	3	0	6	0.7	0.6923076923076923	-3
4.11.0	org.junit.experimental.runners	2	0	2	NaN	0.0	0
4.11.0	org.junit.experimental.theories	5	5	9	0.8571428571428571	0.5652173913043478	-51
4.11.0	org.junit.experimental.theories.internal	2	4	9	0.7	0.36363636363636365	-2
4.11.0	org.junit.experimental.theories.suppliers	1	0	4	-0.0	0.5	1
4.11.0	org.junit.internal	4	20	7	0.9181818181818182	0.35294117647058826	-41
4.11.0	org.junit.internal.builders	7	3	11	0.875	0.34146341463414637	-14
4.11.0	org.junit.internal.matchers	1	2	1	1.0	0.0	-6
4.11.0	org.junit.internal.requests	4	2	8	1.0	0.0	-6
4.11.0	org.junit.internal.runners	8	9	27	0.9093567251461988	0.45925925925925926	-123
4.11.0	org.junit.internal.runners.model	4	4	5	1.0	0.0	-3
4.11.0	org.junit.internal.runners.rules	3	2	6	NaN	0.0	0
4.11.0	org.junit.internal.runners.statements	2	3	4	0.9523809523809523	0.16	-19
4.11.0	org.junit.matchers	1	1	1	1.0	0.0	-1
4.11.0	org.junit.rules	7	3	10	0.9342105263157895	0.5102040816326531	-152
4.11.0	org.junit.runner	10	68	18	0.8333333333333334	0.29714285714285715	-36
4.11.0	org.junit.runner.manipulation	1	11	1	0.8333333333333334	0.46153846153846156	-27
4.11.0	org.junit.runner.notification	1	28	2	0.7564102564102564	0.5757575757575758	-18
4.11.0	org.junit.runners	12	11	41	0.9117647058823529	0.3582089552238806	-106
4.11.0	org.junit.runners.model	5	59	8	0.9181818181818182	0.14285714285714285	-39
4.12.0	org.junit	2	24	5	0.9485294117647058	0.345679012345679	-116
4.12.0	org.junit.rules	7	3	12	0.9458689458689459	0.5671641791044776	-297
4.12.0	org.junit.runners	14	12	47	0.9083333333333333	0.32592592592592595	-94
4.12.0	org.junit.runners.parameterized	4	2	10	0.5833333333333334	0.3448275862068966	4
4.12.0	org.junit.runners.model	5	89	9	0.9166666666666666	0.2094240837696335	-88
4.12.0	org.junit.matchers	1	1	1	NaN	0.0	0
4.12.0	org.junit.runner	10	76	20	0.8654970760233918	0.3948497854077253	-95
4.12.0	org.junit.runner.manipulation	1	17	1	0.7916666666666666	0.4225352112676056	-18
4.12.0	org.junit.runner.notification	1	29	2	0.7527472527472527	0.6040268456375839	-19
4.12.0	org.junit.validator	1	3	4	0.7454545454545455	0.7272727272727273	-9
4.12.0	org.junit.internal	4	24	7	0.9423076923076923	0.32727272727272727	-64
4.12.0	org.junit.internal.matchers	1	2	1	1.0	0.0	-6
4.12.0	org.junit.internal.runners	8	9	28	0.8986928104575164	0.45588235294117646	-105
4.12.0	org.junit.internal.runners.rules	3	2	6	0.6923076923076923	0.8347826086956521	-4
4.12.0	org.junit.internal.runners.statements	2	3	5	0.8888888888888888	0.38095238095238093	-26
4.12.0	org.junit.internal.runners.model	4	4	5	1.0	0.0	-3
4.12.0	org.junit.internal.requests	4	2	8	1.0	0.0	-3
4.12.0	org.junit.internal.builders	7	3	11	0.875	0.34146341463414637	-14
4.12.0	org.junit.experimental.results	3	0	6	0.7	0.6923076923076923	-3
4.12.0	org.junit.experimental	3	0	6	-0.0	0.3333333333333333	1
4.12.0	org.junit.experimental.max	7	0	14	0.75	0.5283018867924528	-10
4.12.0	org.junit.experimental.theories	5	8	11	0.8666666666666667	0.509090909090909	-61
4.12.0	org.junit.experimental.theories.suppliers	1	0	4	-0.0	0.5	1
4.12.0	org.junit.experimental.theories.internal	3	5	12	0.8392857142857143	0.32727272727272727	-14
4.12.0	org.junit.experimental.categories	7	0	17	0.8272727272727273	0.6333333333333333	-27
4.12.0	org.junit.experimental.runners	2	0	2	NaN	0.0	0
4.12.0	junit.framework	5	15	14	0.8345588235294118	0.5806451612903226	-58
4.12.0	junit.runner	1	3	4	1.0	0.0	-3
4.12.0	junit.extensions	1	1	6	0.8	0.41379310344827586	-7
4.12.0	junit.textui	2	0	9	0.5	0.13333333333333333	1
4.12.1	junit.framework	5	15	14	0.8345588235294118	0.5806451612903226	-58
4.12.1	junit.extensions	1	1	6	0.8	0.41379310344827586	-7
4.12.1	junit.runner	1	3	4	1.0	0.0	-3
4.12.1	junit.textui	2	0	9	0.5	0.13333333333333333	1
4.12.1	org.junit	2	21	5	0.9485294117647058	0.417910447761194	-116
4.12.1	org.junit.validator	1	3	4	0.7454545454545455	0.7272727272727273	-9
4.12.1	org.junit.internal.matchers	1	2	1	1.0	0.0	-6
4.12.1	org.junit.internal	4	21	7	0.9423076923076923	0.34615384615384615	-64
4.12.1	org.junit.internal.requests	4	2	8	1.0	0.0	-3
4.12.1	org.junit.internal.runners.model	4	4	5	1.0	0.0	-3
4.12.1	org.junit.internal.runners	6	9	18	0.7666666666666667	0.2692307692307692	-5
4.12.1	org.junit.internal.runners.statements	2	3	5	0.9107142857142857	0.30303030303030304	-22
4.12.1	org.junit.internal.runners.rules	3	2	6	0.6545454545454545	0.8172043010752689	3
4.12.1	org.junit.internal.builders	7	3	11	0.875	0.34146341463414637	-14
4.12.1	org.junit.rules	7	3	11	0.9433333333333334	0.5528455284552846	-250
4.12.1	org.junit.matchers	1	1	1	NaN	0.0	0
4.12.1	org.junit.runner	10	71	20	0.8562091503267973	0.3963963963963964	-79
4.12.1	org.junit.runner.manipulation	1	15	1	0.7916666666666666	0.46153846153846156	-18
4.12.1	org.junit.runner.notification	1	24	2	0.7527472527472527	0.6382978723404256	-19
4.12.1	org.junit.experimental.max	7	0	14	0.75	0.5283018867924528	-10
4.12.1	org.junit.experimental.categories	7	0	17	0.8272727272727273	0.6333333333333333	-27
4.12.1	org.junit.experimental.runners	2	0	2	NaN	0.0	0
4.12.1	org.junit.experimental	3	0	6	-0.0	0.3333333333333333	1
4.12.1	org.junit.experimental.theories	5	8	11	0.8666666666666667	0.509090909090909	-61
4.12.1	org.junit.experimental.theories.suppliers	1	0	4	-0.0	0.5	1
4.12.1	org.junit.experimental.theories.internal	3	5	12	0.8392857142857143	0.32727272727272727	-14
4.12.1	org.junit.experimental.results	3	0	6	0.7	0.6923076923076923	-3
4.12.1	org.junit.runners	14	12	46	0.9083333333333333	0.3283582089552239	-94
4.12.1	org.junit.runners.parameterized	4	2	10	0.5833333333333334	0.3448275862068966	4
4.12.1	org.junit.runners.model	5	84	9	0.9166666666666666	0.21505376344086022	-88
4.12.2	junit.framework	5	15	14	0.8345588235294118	0.5806451612903226	-58
4.12.2	junit.runner	1	3	4	1.0	0.0	-3
4.12.2	junit.extensions	1	1	6	0.8	0.41379310344827586	-7
4.12.2	junit.textui	2	0	9	0.5	0.13333333333333333	1
4.12.2	org.junit.runner	10	76	20	0.8562091503267973	0.38596491228070173	-79
4.12.2	org.junit.runner.manipulation	1	17	1	0.7916666666666666	0.4225352112676056	-18
4.12.2	org.junit.runner.notification	1	28	2	0.7527472527472527	0.6081081081081081	-19
4.12.2	org.junit.validator	1	3	4	0.7454545454545455	0.7272727272727273	-9
4.12.2	org.junit	2	24	5	0.9485294117647058	0.345679012345679	-116
4.12.2	org.junit.runners	14	12	47	0.9083333333333333	0.32592592592592595	-94
4.12.2	org.junit.runners.model	5	87	9	0.9166666666666666	0.21164021164021163	-88
4.12.2	org.junit.runners.parameterized	4	2	10	0.5833333333333334	0.3448275862068966	4
4.12.2	org.junit.matchers	1	1	1	NaN	0.0	0
4.12.2	org.junit.experimental.runners	2	0	2	NaN	0.0	0
4.12.2	org.junit.experimental	3	0	6	-0.0	0.3333333333333333	1
4.12.2	org.junit.experimental.theories	5	8	11	0.8666666666666667	0.509090909090909	-61
4.12.2	org.junit.experimental.theories.suppliers	1	0	4	-0.0	0.5	1
4.12.2	org.junit.experimental.theories.internal	3	5	12	0.8392857142857143	0.32727272727272727	-14
4.12.2	org.junit.experimental.max	7	0	14	0.75	0.5283018867924528	-10
4.12.2	org.junit.experimental.categories	7	0	17	0.8272727272727273	0.6333333333333333	-27
4.12.2	org.junit.experimental.results	3	0	6	0.7	0.6923076923076923	-3
4.12.2	org.junit.rules	7	3	12	0.9458689458689459	0.5671641791044776	-297
4.12.2	org.junit.internal	4	24	7	0.9423076923076923	0.32727272727272727	-64
4.12.2	org.junit.internal.builders	7	3	11	0.875	0.34146341463414637	-14
4.12.2	org.junit.internal.runners	8	9	28	0.8986928104575164	0.45588235294117646	-105
4.12.2	org.junit.internal.runners.rules	3	2	6	0.6545454545454545	0.8172043010752689	3
4.12.2	org.junit.internal.runners.statements	2	3	5	0.8888888888888888	0.38095238095238093	-26
4.12.2	org.junit.internal.runners.model	4	4	5	1.0	0.0	-3
4.12.2	org.junit.internal.requests	4	2	8	1.0	0.0	-3
4.12.2	org.junit.internal.matchers	1	2	1	1.0	0.0	-6
4.12.3	junit.framework	5	15	14	0.8345588235294118	0.5806451612903226	-58
4.12.3	junit.textui	2	0	9	0.5	0.13333333333333333	1
4.12.3	junit.extensions	1	1	6	0.8	0.41379310344827586	-7
4.12.3	junit.runner	1	3	4	1.0	0.0	-3
4.12.3	org.junit	2	24	5	0.9485294117647058	0.345679012345679	-116
4.12.3	org.junit.runners	14	12	47	0.9083333333333333	0.32592592592592595	-94
4.12.3	org.junit.runners.parameterized	4	2	10	0.5833333333333334	0.3448275862068966	4
4.12.3	org.junit.runners.model	5	89	9	0.9166666666666666	0.2094240837696335	-88
4.12.3	org.junit.rules	7	3	12	0.9458689458689459	0.5671641791044776	-297
4.12.3	org.junit.runner	10	76	20	0.8654970760233918	0.3948497854077253	-95
4.12.3	org.junit.runner.manipulation	1	17	1	0.7916666666666666	0.4225352112676056	-18
4.12.3	org.junit.runner.notification	1	29	2	0.7527472527472527	0.6040268456375839	-19
4.12.3	org.junit.experimental.max	7	0	14	0.75	0.5283018867924528	-10
4.12.3	org.junit.experimental.categories	7	0	17	0.8272727272727273	0.6333333333333333	-27
4.12.3	org.junit.experimental.results	3	0	6	0.7	0.6923076923076923	-3
4.12.3	org.junit.experimental	3	0	6	-0.0	0.3333333333333333	1
4.12.3	org.junit.experimental.runners	2	0	2	NaN	0.0	0
4.12.3	org.junit.experimental.theories	5	8	11	0.8666666666666667	0.509090909090909	-61
4.12.3	org.junit.experimental.theories.internal	3	5	12	0.8392857142857143	0.32727272727272727	-14
4.12.3	org.junit.experimental.theories.suppliers	1	0	4	-0.0	0.5	1
4.12.3	org.junit.internal.runners.rules	3	2	6	0.6923076923076923	0.8347826086956521	-4
4.12.3	org.junit.internal.runners	8	9	28	0.8986928104575164	0.45588235294117646	-105
4.12.3	org.junit.internal.runners.model	4	4	5	1.0	0.0	-3
4.12.3	org.junit.internal.runners.statements	2	3	5	0.8888888888888888	0.38095238095238093	-26
4.12.3	org.junit.internal.builders	7	3	11	0.875	0.34146341463414637	-14
4.12.3	org.junit.internal	4	24	7	0.9423076923076923	0.32727272727272727	-64
4.12.3	org.junit.internal.requests	4	2	8	1.0	0.0	-3
4.12.3	org.junit.internal.matchers	1	2	1	1.0	0.0	-6
4.12.3	org.junit.validator	1	3	4	0.7454545454545455	0.7272727272727273	-9
4.12.3	org.junit.matchers	1	1	1	NaN	0.0	0
4.13.0	junit.textui	2	0	9	0.5	0.13333333333333333	1
4.13.0	junit.framework	5	15	17	0.8345588235294118	0.5660377358490566	-58
4.13.0	junit.runner	2	3	5	1.0	0.0	-3
4.13.0	junit.extensions	1	1	6	0.8	0.41379310344827586	-7
4.13.0	org.junit.experimental.theories	5	8	11	0.8666666666666667	0.509090909090909	-61
4.13.0	org.junit.experimental.theories.suppliers	1	0	4	-0.0	0.5	1
4.13.0	org.junit.experimental.theories.internal	3	5	12	0.8392857142857143	0.32727272727272727	-14
4.13.0	org.junit.experimental	3	0	6	-0.0	0.3333333333333333	1
4.13.0	org.junit.experimental.max	7	0	14	0.75	0.5384615384615384	-10
4.13.0	org.junit.experimental.results	3	0	6	0.6904761904761905	0.7428571428571429	-3
4.13.0	org.junit.experimental.runners	2	0	2	NaN	0.0	0
4.13.0	org.junit.experimental.categories	7	0	17	0.8363636363636363	0.5714285714285714	-29
4.13.0	org.junit	3	30	6	0.954248366013072	0.3111111111111111	-133
4.13.0	org.junit.validator	1	6	4	0.7454545454545455	0.7	-9
4.13.0	org.junit.runner	12	91	27	0.8917748917748918	0.3663003663003663	-149
4.13.0	org.junit.runner.manipulation	1	20	1	0.8725490196078431	0.5611510791366906	-99
4.13.0	org.junit.runner.notification	2	32	3	0.7791666666666667	0.6162790697674418	-36
4.13.0	org.junit.internal	4	36	7	0.9238095238095239	0.5517241379310345	-164
4.13.0	org.junit.internal.builders	7	4	11	0.875	0.3333333333333333	-14
4.13.0	org.junit.internal.management	1	2	1	0.8181818181818182	0.8727272727272727	-28
4.13.0	org.junit.internal.requests	5	2	12	0.8035714285714286	0.4583333333333333	-12
4.13.0	org.junit.internal.runners	8	10	32	0.8986928104575164	0.4397163120567376	-105
4.13.0	org.junit.internal.runners.statements	3	5	7	0.8888888888888888	0.34782608695652173	-26
4.13.0	org.junit.internal.runners.model	4	4	5	1.0	0.0	-3
4.13.0	org.junit.internal.runners.rules	3	2	6	0.6923076923076923	0.8347826086956521	-4
4.13.0	org.junit.internal.matchers	1	2	2	1.0	0.0	-6
4.13.0	org.junit.function	0	2	0	NaN	0.0	0
4.13.0	org.junit.rules	9	5	15	0.9457671957671958	0.5503355704697986	-320
4.13.0	org.junit.runners	14	12	55	0.9272486772486772	0.4661016949152542	-308
4.13.0	org.junit.runners.parameterized	6	2	16	0.75	0.49122807017543857	-8
4.13.0	org.junit.runners.model	6	100	15	0.9152046783625731	0.24267782426778242	-123
4.13.0	org.junit.matchers	1	1	1	NaN	0.0	0